1.475000E+3	-3.158000E-8
1.475019E+3	8.861281E-9
1.475039E+3	-4.619146E-9
1.475058E+3	-4.619146E-9
1.475077E+3	-4.619146E-9
1.475096E+3	2.234171E-8
1.475116E+3	3.582214E-8
1.475135E+3	-3.158000E-8
1.475154E+3	2.234171E-8
1.475173E+3	8.861281E-9
1.475193E+3	8.861281E-9
1.475212E+3	2.234171E-8
1.475231E+3	-3.158000E-8
1.475250E+3	3.582214E-8
1.475270E+3	-3.158000E-8
1.475289E+3	8.861281E-9
1.475308E+3	-4.619146E-9
1.475327E+3	8.861281E-9
1.475347E+3	3.582214E-8
1.475366E+3	-1.809957E-8
1.475385E+3	8.861281E-9
1.475405E+3	-3.158000E-8
1.475424E+3	8.861281E-9
1.475443E+3	3.582214E-8
1.475462E+3	8.861281E-9
1.475482E+3	2.234171E-8
1.475501E+3	-4.619146E-9
1.475520E+3	-3.158000E-8
1.475539E+3	8.861281E-9
1.475559E+3	-4.619146E-9
1.475578E+3	-4.619146E-9
1.475597E+3	-1.809957E-8
1.475616E+3	8.861281E-9
1.475636E+3	-4.619146E-9
1.475655E+3	8.861281E-9
1.475674E+3	-1.809957E-8
1.475693E+3	-4.619146E-9
1.475713E+3	-4.619146E-9
1.475732E+3	4.930256E-8
1.475751E+3	-4.619146E-9
1.475770E+3	2.234171E-8
1.475790E+3	3.582214E-8
1.475809E+3	8.861281E-9
1.475828E+3	3.582214E-8
1.475847E+3	-4.619146E-9
1.475867E+3	8.861281E-9
1.475886E+3	-4.619146E-9
1.475905E+3	-3.158000E-8
1.475924E+3	8.861281E-9
1.475944E+3	-4.619146E-9
1.475963E+3	-4.619146E-9
1.475982E+3	2.234171E-8
1.476001E+3	8.861281E-9
1.476021E+3	3.582214E-8
1.476040E+3	-4.619146E-9
1.476059E+3	-1.809957E-8
1.476078E+3	-4.619146E-9
1.476098E+3	-4.619146E-9
1.476117E+3	-4.619146E-9
1.476136E+3	3.582214E-8
1.476155E+3	-1.809957E-8
1.476175E+3	-4.619146E-9
1.476194E+3	3.582214E-8
1.476213E+3	-4.506043E-8
1.476232E+3	-3.158000E-8
1.476252E+3	8.861281E-9
1.476271E+3	-4.619146E-9
1.476290E+3	8.861281E-9
1.476309E+3	3.582214E-8
1.476329E+3	2.234171E-8
1.476348E+3	-4.619146E-9
1.476367E+3	3.582214E-8
1.476386E+3	-3.158000E-8
1.476406E+3	8.861281E-9
1.476425E+3	-4.506043E-8
1.476444E+3	-4.619146E-9
1.476463E+3	-1.809957E-8
1.476483E+3	-1.809957E-8
1.476502E+3	8.861281E-9
1.476521E+3	2.234171E-8
1.476540E+3	2.234171E-8
1.476560E+3	8.861281E-9
1.476579E+3	-4.619146E-9
1.476598E+3	-1.809957E-8
1.476617E+3	8.861281E-9
1.476637E+3	-3.158000E-8
1.476656E+3	8.861281E-9
1.476675E+3	2.234171E-8
1.476694E+3	8.861281E-9
1.476714E+3	-3.158000E-8
1.476733E+3	3.582214E-8
1.476752E+3	3.582214E-8
1.476771E+3	8.861281E-9
1.476791E+3	-4.619146E-9
1.476810E+3	2.234171E-8
1.476829E+3	8.861281E-9
1.476848E+3	-4.619146E-9
1.476868E+3	-4.619146E-9
1.476887E+3	-4.619146E-9
1.476906E+3	3.582214E-8
1.476925E+3	-3.158000E-8
1.476945E+3	8.861281E-9
1.476964E+3	8.861281E-9
1.476983E+3	-3.158000E-8
1.477003E+3	-3.158000E-8
1.477022E+3	3.582214E-8
1.477041E+3	8.861281E-9
1.477060E+3	-4.506043E-8
1.477080E+3	-4.619146E-9
1.477099E+3	8.861281E-9
1.477118E+3	-4.619146E-9
1.477137E+3	-3.158000E-8
1.477157E+3	4.930256E-8
1.477176E+3	2.234171E-8
1.477195E+3	3.582214E-8
1.477214E+3	3.582214E-8
1.477234E+3	-4.619146E-9
1.477253E+3	-4.619146E-9
1.477272E+3	8.861281E-9
1.477291E+3	-4.619146E-9
1.477311E+3	-4.619146E-9
1.477330E+3	-4.506043E-8
1.477349E+3	3.582214E-8
1.477368E+3	3.582214E-8
1.477388E+3	-1.809957E-8
1.477407E+3	-4.619146E-9
1.477426E+3	8.861281E-9
1.477445E+3	3.582214E-8
1.477465E+3	3.582214E-8
1.477484E+3	3.582214E-8
1.477503E+3	-3.158000E-8
1.477522E+3	3.582214E-8
1.477542E+3	-4.619146E-9
1.477561E+3	3.582214E-8
1.477580E+3	8.861281E-9
1.477599E+3	8.861281E-9
1.477619E+3	3.582214E-8
1.477638E+3	3.582214E-8
1.477657E+3	8.861281E-9
1.477676E+3	8.861281E-9
1.477696E+3	2.234171E-8
1.477715E+3	8.861281E-9
1.477734E+3	2.234171E-8
1.477753E+3	-4.619146E-9
1.477773E+3	-3.158000E-8
1.477792E+3	8.861281E-9
1.477811E+3	3.582214E-8
1.477830E+3	2.234171E-8
1.477850E+3	8.861281E-9
1.477869E+3	8.861281E-9
1.477888E+3	-4.619146E-9
1.477907E+3	-4.506043E-8
1.477927E+3	8.861281E-9
1.477946E+3	-4.506043E-8
1.477965E+3	-4.619146E-9
1.477984E+3	-3.158000E-8
1.478004E+3	-4.619146E-9
1.478023E+3	-3.158000E-8
1.478042E+3	-4.506043E-8
1.478061E+3	3.582214E-8
1.478081E+3	3.582214E-8
1.478100E+3	-3.158000E-8
1.478119E+3	-4.619146E-9
1.478138E+3	-4.619146E-9
1.478158E+3	8.861281E-9
1.478177E+3	2.234171E-8
1.478196E+3	-4.619146E-9
1.478215E+3	2.234171E-8
1.478235E+3	2.234171E-8
1.478254E+3	8.861281E-9
1.478273E+3	-4.619146E-9
1.478292E+3	-3.158000E-8
1.478312E+3	-1.809957E-8
1.478331E+3	3.582214E-8
1.478350E+3	8.861281E-9
1.478369E+3	-4.619146E-9
1.478389E+3	8.861281E-9
1.478408E+3	3.582214E-8
1.478427E+3	3.582214E-8
1.478446E+3	-4.619146E-9
1.478466E+3	8.861281E-9
1.478485E+3	-4.619146E-9
1.478504E+3	2.234171E-8
1.478523E+3	-4.619146E-9
1.478543E+3	-4.619146E-9
1.478562E+3	-4.619146E-9
1.478581E+3	-4.619146E-9
1.478601E+3	-1.809957E-8
1.478620E+3	8.861281E-9
1.478639E+3	-3.158000E-8
1.478658E+3	-4.619146E-9
1.478678E+3	-4.619146E-9
1.478697E+3	-4.619146E-9
1.478716E+3	2.234171E-8
1.478735E+3	-1.809957E-8
1.478755E+3	8.861281E-9
1.478774E+3	2.234171E-8
1.478793E+3	-4.619146E-9
1.478812E+3	-4.619146E-9
1.478832E+3	-1.809957E-8
1.478851E+3	3.582214E-8
1.478870E+3	-4.506043E-8
1.478889E+3	-3.158000E-8
1.478909E+3	-4.619146E-9
1.478928E+3	2.234171E-8
1.478947E+3	-3.158000E-8
1.478966E+3	-4.506043E-8
1.478986E+3	-3.158000E-8
1.479005E+3	8.861281E-9
1.479024E+3	-3.158000E-8
1.479043E+3	2.234171E-8
1.479063E+3	-3.158000E-8
1.479082E+3	-3.158000E-8
1.479101E+3	-4.619146E-9
1.479120E+3	-4.619146E-9
1.479140E+3	8.861281E-9
1.479159E+3	8.861281E-9
1.479178E+3	-3.158000E-8
1.479197E+3	-3.158000E-8
1.479217E+3	8.861281E-9
1.479236E+3	-3.158000E-8
1.479255E+3	-4.619146E-9
1.479274E+3	-1.809957E-8
1.479294E+3	-1.809957E-8
1.479313E+3	-1.809957E-8
1.479332E+3	-3.158000E-8
1.479351E+3	2.234171E-8
1.479371E+3	-4.506043E-8
1.479390E+3	8.861281E-9
1.479409E+3	-1.809957E-8
1.479428E+3	-3.158000E-8
1.479448E+3	3.582214E-8
1.479467E+3	-1.809957E-8
1.479486E+3	-3.158000E-8
1.479505E+3	2.234171E-8
1.479525E+3	3.582214E-8
1.479544E+3	-4.619146E-9
1.479563E+3	3.582214E-8
1.479582E+3	8.861281E-9
1.479602E+3	-3.158000E-8
1.479621E+3	-3.158000E-8
1.479640E+3	2.234171E-8
1.479659E+3	-4.619146E-9
1.479679E+3	8.861281E-9
1.479698E+3	-3.158000E-8
1.479717E+3	3.582214E-8
1.479736E+3	-4.506043E-8
1.479756E+3	-4.619146E-9
1.479775E+3	8.861281E-9
1.479794E+3	2.234171E-8
1.479813E+3	2.234171E-8
1.479833E+3	-3.158000E-8
1.479852E+3	8.861281E-9
1.479871E+3	-3.158000E-8
1.479890E+3	8.861281E-9
1.479910E+3	-4.619146E-9
1.479929E+3	-4.619146E-9
1.479948E+3	8.861281E-9
1.479967E+3	8.861281E-9
1.479987E+3	2.234171E-8
1.480006E+3	3.582214E-8
1.480025E+3	3.582214E-8
1.480044E+3	8.861281E-9
1.480064E+3	8.861281E-9
1.480083E+3	8.861281E-9
1.480102E+3	-4.619146E-9
1.480121E+3	8.861281E-9
1.480141E+3	8.861281E-9
1.480160E+3	2.234171E-8
1.480179E+3	8.861281E-9
1.480199E+3	-1.809957E-8
1.480218E+3	2.234171E-8
1.480237E+3	8.861281E-9
1.480256E+3	-4.619146E-9
1.480276E+3	8.861281E-9
1.480295E+3	-3.158000E-8
1.480314E+3	3.582214E-8
1.480333E+3	3.582214E-8
1.480353E+3	-4.619146E-9
1.480372E+3	8.861281E-9
1.480391E+3	8.861281E-9
1.480410E+3	2.234171E-8
1.480430E+3	3.582214E-8
1.480449E+3	8.861281E-9
1.480468E+3	-4.619146E-9
1.480487E+3	8.861281E-9
1.480507E+3	2.234171E-8
1.480526E+3	8.861281E-9
1.480545E+3	3.582214E-8
1.480564E+3	-4.619146E-9
1.480584E+3	8.861281E-9
1.480603E+3	3.582214E-8
1.480622E+3	-3.158000E-8
1.480641E+3	-4.619146E-9
1.480661E+3	3.582214E-8
1.480680E+3	-4.619146E-9
1.480699E+3	8.861281E-9
1.480718E+3	2.234171E-8
1.480738E+3	-3.158000E-8
1.480757E+3	8.861281E-9
1.480776E+3	-4.619146E-9
1.480795E+3	-4.619146E-9
1.480815E+3	-4.506043E-8
1.480834E+3	-3.158000E-8
1.480853E+3	-3.158000E-8
1.480872E+3	-4.619146E-9
1.480892E+3	2.234171E-8
1.480911E+3	3.582214E-8
1.480930E+3	3.582214E-8
1.480949E+3	-4.506043E-8
1.480969E+3	2.234171E-8
1.480988E+3	2.234171E-8
1.481007E+3	-1.809957E-8
1.481026E+3	-1.809957E-8
1.481046E+3	-4.619146E-9
1.481065E+3	-3.158000E-8
1.481084E+3	-4.619146E-9
1.481103E+3	8.861281E-9
1.481123E+3	-1.809957E-8
1.481142E+3	3.582214E-8
1.481161E+3	-4.619146E-9
1.481180E+3	-1.809957E-8
1.481200E+3	-3.158000E-8
1.481219E+3	8.861281E-9
1.481238E+3	3.582214E-8
1.481257E+3	8.861281E-9
1.481277E+3	-1.809957E-8
1.481296E+3	2.234171E-8
1.481315E+3	2.234171E-8
1.481334E+3	-3.158000E-8
1.481354E+3	-1.809957E-8
1.481373E+3	2.234171E-8
1.481392E+3	-4.619146E-9
1.481411E+3	-4.619146E-9
1.481431E+3	-3.158000E-8
1.481450E+3	-4.619146E-9
1.481469E+3	2.234171E-8
1.481488E+3	-4.619146E-9
1.481508E+3	3.582214E-8
1.481527E+3	-1.809957E-8
1.481546E+3	3.582214E-8
1.481565E+3	8.861281E-9
1.481585E+3	2.234171E-8
1.481604E+3	3.582214E-8
1.481623E+3	3.582214E-8
1.481642E+3	2.234171E-8
1.481662E+3	8.861281E-9
1.481681E+3	-3.158000E-8
1.481700E+3	-1.809957E-8
1.481719E+3	-3.158000E-8
1.481739E+3	8.861281E-9
1.481758E+3	8.861281E-9
1.481777E+3	3.582214E-8
1.481797E+3	3.582214E-8
1.481816E+3	8.861281E-9
1.481835E+3	-4.619146E-9
1.481854E+3	3.582214E-8
1.481874E+3	3.582214E-8
1.481893E+3	8.861281E-9
1.481912E+3	-3.158000E-8
1.481931E+3	3.582214E-8
1.481951E+3	-4.619146E-9
1.481970E+3	8.861281E-9
1.481989E+3	-1.809957E-8
1.482008E+3	-4.619146E-9
1.482028E+3	8.861281E-9
1.482047E+3	-1.809957E-8
1.482066E+3	8.861281E-9
1.482085E+3	8.861281E-9
1.482105E+3	3.582214E-8
1.482124E+3	8.861281E-9
1.482143E+3	8.861281E-9
1.482162E+3	3.582214E-8
1.482182E+3	2.234171E-8
1.482201E+3	3.582214E-8
1.482220E+3	2.234171E-8
1.482239E+3	3.582214E-8
1.482259E+3	8.861281E-9
1.482278E+3	-4.619146E-9
1.482297E+3	-3.158000E-8
1.482316E+3	-4.506043E-8
1.482336E+3	-4.619146E-9
1.482355E+3	3.582214E-8
1.482374E+3	3.582214E-8
1.482393E+3	8.861281E-9
1.482413E+3	8.861281E-9
1.482432E+3	-1.809957E-8
1.482451E+3	8.861281E-9
1.482470E+3	3.582214E-8
1.482490E+3	-4.619146E-9
1.482509E+3	-4.619146E-9
1.482528E+3	-1.809957E-8
1.482547E+3	-1.809957E-8
1.482567E+3	8.861281E-9
1.482586E+3	-4.619146E-9
1.482605E+3	-4.619146E-9
1.482624E+3	-4.619146E-9
1.482644E+3	-4.506043E-8
1.482663E+3	-4.619146E-9
1.482682E+3	8.861281E-9
1.482701E+3	-4.619146E-9
1.482721E+3	2.234171E-8
1.482740E+3	8.861281E-9
1.482759E+3	8.861281E-9
1.482778E+3	-4.619146E-9
1.482798E+3	-4.619146E-9
1.482817E+3	8.861281E-9
1.482836E+3	-4.619146E-9
1.482855E+3	-4.619146E-9
1.482875E+3	-4.619146E-9
1.482894E+3	-4.619146E-9
1.482913E+3	8.861281E-9
1.482932E+3	8.861281E-9
1.482952E+3	-4.619146E-9
1.482971E+3	3.582214E-8
1.482990E+3	4.930256E-8
1.483009E+3	-4.619146E-9
1.483029E+3	-3.158000E-8
1.483048E+3	-3.158000E-8
1.483067E+3	-4.506043E-8
1.483086E+3	-1.809957E-8
1.483106E+3	8.861281E-9
1.483125E+3	8.861281E-9
1.483144E+3	8.861281E-9
1.483163E+3	-4.619146E-9
1.483183E+3	-3.158000E-8
1.483202E+3	-3.158000E-8
1.483221E+3	-4.619146E-9
1.483240E+3	2.234171E-8
1.483260E+3	2.234171E-8
1.483279E+3	-4.619146E-9
1.483298E+3	-1.809957E-8
1.483317E+3	-4.619146E-9
1.483337E+3	8.861281E-9
1.483356E+3	8.861281E-9
1.483375E+3	-4.619146E-9
1.483395E+3	-4.619146E-9
1.483414E+3	-4.619146E-9
1.483433E+3	3.582214E-8
1.483452E+3	3.582214E-8
1.483472E+3	-3.158000E-8
1.483491E+3	-1.809957E-8
1.483510E+3	-4.619146E-9
1.483529E+3	8.861281E-9
1.483549E+3	3.582214E-8
1.483568E+3	-4.619146E-9
1.483587E+3	-3.158000E-8
1.483606E+3	-4.619146E-9
1.483626E+3	4.930256E-8
1.483645E+3	8.861281E-9
1.483664E+3	3.582214E-8
1.483683E+3	8.861281E-9
1.483703E+3	8.861281E-9
1.483722E+3	2.234171E-8
1.483741E+3	3.582214E-8
1.483760E+3	-1.809957E-8
1.483780E+3	-1.809957E-8
1.483799E+3	-4.619146E-9
1.483818E+3	-1.809957E-8
1.483837E+3	-4.619146E-9
1.483857E+3	-4.619146E-9
1.483876E+3	2.234171E-8
1.483895E+3	8.861281E-9
1.483914E+3	-1.809957E-8
1.483934E+3	-3.158000E-8
1.483953E+3	3.582214E-8
1.483972E+3	-4.506043E-8
1.483991E+3	8.861281E-9
1.484011E+3	3.582214E-8
1.484030E+3	-4.619146E-9
1.484049E+3	8.861281E-9
1.484068E+3	-4.619146E-9
1.484088E+3	2.234171E-8
1.484107E+3	2.234171E-8
1.484126E+3	-3.158000E-8
1.484145E+3	-4.619146E-9
1.484165E+3	2.234171E-8
1.484184E+3	8.861281E-9
1.484203E+3	-4.506043E-8
1.484222E+3	2.234171E-8
1.484242E+3	-4.506043E-8
1.484261E+3	-3.158000E-8
1.484280E+3	-1.809957E-8
1.484299E+3	8.861281E-9
1.484319E+3	-4.619146E-9
1.484338E+3	2.234171E-8
1.484357E+3	8.861281E-9
1.484376E+3	-4.619146E-9
1.484396E+3	2.234171E-8
1.484415E+3	8.861281E-9
1.484434E+3	-1.809957E-8
1.484453E+3	-4.506043E-8
1.484473E+3	8.861281E-9
1.484492E+3	-1.809957E-8
1.484511E+3	8.861281E-9
1.484530E+3	-4.619146E-9
1.484550E+3	4.930256E-8
1.484569E+3	2.234171E-8
1.484588E+3	-4.619146E-9
1.484607E+3	2.234171E-8
1.484627E+3	8.861281E-9
1.484646E+3	-4.506043E-8
1.484665E+3	-4.619146E-9
1.484684E+3	3.582214E-8
1.484704E+3	-4.619146E-9
1.484723E+3	-4.619146E-9
1.484742E+3	-4.506043E-8
1.484761E+3	-4.619146E-9
1.484781E+3	-4.619146E-9
1.484800E+3	-1.809957E-8
1.484819E+3	-3.158000E-8
1.484838E+3	8.861281E-9
1.484858E+3	-4.619146E-9
1.484877E+3	-4.619146E-9
1.484896E+3	-1.809957E-8
1.484915E+3	8.861281E-9
1.484935E+3	2.234171E-8
1.484954E+3	-4.619146E-9
1.484973E+3	-4.619146E-9
1.484993E+3	8.861281E-9
1.485012E+3	8.861281E-9
1.485031E+3	8.861281E-9
1.485050E+3	8.861281E-9
1.485070E+3	2.234171E-8
1.485089E+3	2.234171E-8
1.485108E+3	-4.619146E-9
1.485127E+3	8.861281E-9
1.485147E+3	-4.619146E-9
1.485166E+3	8.861281E-9
1.485185E+3	3.582214E-8
1.485204E+3	-4.619146E-9
1.485224E+3	8.861281E-9
1.485243E+3	8.861281E-9
1.485262E+3	-1.809957E-8
1.485281E+3	-3.158000E-8
1.485301E+3	8.861281E-9
1.485320E+3	-3.158000E-8
1.485339E+3	-3.158000E-8
1.485358E+3	8.861281E-9
1.485378E+3	3.582214E-8
1.485397E+3	-4.619146E-9
1.485416E+3	-4.619146E-9
1.485435E+3	-4.619146E-9
1.485455E+3	-1.809957E-8
1.485474E+3	2.234171E-8
1.485493E+3	-3.158000E-8
1.485512E+3	-3.158000E-8
1.485532E+3	-4.619146E-9
1.485551E+3	-3.158000E-8
1.485570E+3	3.582214E-8
1.485589E+3	3.582214E-8
1.485609E+3	-1.809957E-8
1.485628E+3	8.861281E-9
1.485647E+3	8.861281E-9
1.485666E+3	8.861281E-9
1.485686E+3	3.582214E-8
1.485705E+3	-4.619146E-9
1.485724E+3	-4.619146E-9
1.485743E+3	8.861281E-9
1.485763E+3	-3.158000E-8
1.485782E+3	8.861281E-9
1.485801E+3	-4.619146E-9
1.485820E+3	-4.619146E-9
1.485840E+3	8.861281E-9
1.485859E+3	-3.158000E-8
1.485878E+3	8.861281E-9
1.485897E+3	-4.619146E-9
1.485917E+3	-4.619146E-9
1.485936E+3	8.861281E-9
1.485955E+3	-4.506043E-8
1.485974E+3	2.234171E-8
1.485994E+3	8.861281E-9
1.486013E+3	-4.619146E-9
1.486032E+3	-3.158000E-8
1.486051E+3	-4.506043E-8
1.486071E+3	-1.809957E-8
1.486090E+3	8.861281E-9
1.486109E+3	8.861281E-9
1.486128E+3	8.861281E-9
1.486148E+3	-4.619146E-9
1.486167E+3	8.861281E-9
1.486186E+3	8.861281E-9
1.486205E+3	-4.619146E-9
1.486225E+3	-3.158000E-8
1.486244E+3	-3.158000E-8
1.486263E+3	-4.506043E-8
1.486282E+3	-3.158000E-8
1.486302E+3	-4.619146E-9
1.486321E+3	2.234171E-8
1.486340E+3	8.861281E-9
1.486359E+3	-4.619146E-9
1.486379E+3	-4.619146E-9
1.486398E+3	8.861281E-9
1.486417E+3	8.861281E-9
1.486436E+3	2.234171E-8
1.486456E+3	-1.809957E-8
1.486475E+3	-1.809957E-8
1.486494E+3	-4.619146E-9
1.486513E+3	2.234171E-8
1.486533E+3	2.234171E-8
1.486552E+3	-3.158000E-8
1.486571E+3	8.861281E-9
1.486590E+3	-3.158000E-8
1.486610E+3	8.861281E-9
1.486629E+3	-4.619146E-9
1.486648E+3	-4.619146E-9
1.486668E+3	2.234171E-8
1.486687E+3	-4.619146E-9
1.486706E+3	-4.619146E-9
1.486725E+3	-3.158000E-8
1.486745E+3	-3.158000E-8
1.486764E+3	-4.506043E-8
1.486783E+3	3.582214E-8
1.486802E+3	-3.158000E-8
1.486822E+3	-1.809957E-8
1.486841E+3	-3.158000E-8
1.486860E+3	-3.158000E-8
1.486879E+3	8.861281E-9
1.486899E+3	8.861281E-9
1.486918E+3	-3.158000E-8
1.486937E+3	3.582214E-8
1.486956E+3	-1.809957E-8
1.486976E+3	2.234171E-8
1.486995E+3	-3.158000E-8
1.487014E+3	2.234171E-8
1.487033E+3	8.861281E-9
1.487053E+3	3.582214E-8
1.487072E+3	-4.619146E-9
1.487091E+3	-4.506043E-8
1.487110E+3	2.234171E-8
1.487130E+3	-4.506043E-8
1.487149E+3	8.861281E-9
1.487168E+3	-4.619146E-9
1.487187E+3	-4.619146E-9
1.487207E+3	-3.158000E-8
1.487226E+3	-4.619146E-9
1.487245E+3	-4.619146E-9
1.487264E+3	3.582214E-8
1.487284E+3	-4.619146E-9
1.487303E+3	-3.158000E-8
1.487322E+3	8.861281E-9
1.487341E+3	8.861281E-9
1.487361E+3	8.861281E-9
1.487380E+3	-4.619146E-9
1.487399E+3	-3.158000E-8
1.487418E+3	-3.158000E-8
1.487438E+3	-4.619146E-9
1.487457E+3	8.861281E-9
1.487476E+3	3.582214E-8
1.487495E+3	4.930256E-8
1.487515E+3	-1.809957E-8
1.487534E+3	8.861281E-9
1.487553E+3	3.582214E-8
1.487572E+3	3.582214E-8
1.487592E+3	-3.158000E-8
1.487611E+3	8.861281E-9
1.487630E+3	3.582214E-8
1.487649E+3	3.582214E-8
1.487669E+3	-4.619146E-9
1.487688E+3	8.861281E-9
1.487707E+3	-4.619146E-9
1.487726E+3	8.861281E-9
1.487746E+3	2.234171E-8
1.487765E+3	-4.619146E-9
1.487784E+3	-3.158000E-8
1.487803E+3	-1.809957E-8
1.487823E+3	-4.619146E-9
1.487842E+3	8.861281E-9
1.487861E+3	4.930256E-8
1.487880E+3	2.234171E-8
1.487900E+3	8.861281E-9
1.487919E+3	-4.506043E-8
1.487938E+3	-4.619146E-9
1.487957E+3	-3.158000E-8
1.487977E+3	8.861281E-9
1.487996E+3	8.861281E-9
1.488015E+3	-4.619146E-9
1.488034E+3	2.234171E-8
1.488054E+3	-4.619146E-9
1.488073E+3	3.582214E-8
1.488092E+3	-4.619146E-9
1.488111E+3	8.861281E-9
1.488131E+3	-4.619146E-9
1.488150E+3	8.861281E-9
1.488169E+3	8.861281E-9
1.488188E+3	-3.158000E-8
1.488208E+3	-4.619146E-9
1.488227E+3	-3.158000E-8
1.488246E+3	3.582214E-8
1.488266E+3	8.861281E-9
1.488285E+3	2.234171E-8
1.488304E+3	-4.619146E-9
1.488323E+3	8.861281E-9
1.488343E+3	3.582214E-8
1.488362E+3	-4.619146E-9
1.488381E+3	-4.506043E-8
1.488400E+3	8.861281E-9
1.488420E+3	-4.619146E-9
1.488439E+3	8.861281E-9
1.488458E+3	3.582214E-8
1.488477E+3	2.234171E-8
1.488497E+3	3.582214E-8
1.488516E+3	8.861281E-9
1.488535E+3	8.861281E-9
1.488554E+3	-3.158000E-8
1.488574E+3	-4.619146E-9
1.488593E+3	-3.158000E-8
1.488612E+3	-3.158000E-8
1.488631E+3	3.582214E-8
1.488651E+3	-3.158000E-8
1.488670E+3	8.861281E-9
1.488689E+3	-4.619146E-9
1.488708E+3	8.861281E-9
1.488728E+3	3.582214E-8
1.488747E+3	-4.506043E-8
1.488766E+3	-3.158000E-8
1.488785E+3	-1.809957E-8
1.488805E+3	2.234171E-8
1.488824E+3	8.861281E-9
1.488843E+3	-4.619146E-9
1.488862E+3	-4.619146E-9
1.488882E+3	8.861281E-9
1.488901E+3	-3.158000E-8
1.488920E+3	8.861281E-9
1.488939E+3	-1.809957E-8
1.488959E+3	-1.809957E-8
1.488978E+3	-3.158000E-8
1.488997E+3	8.861281E-9
1.489016E+3	-3.158000E-8
1.489036E+3	8.861281E-9
1.489055E+3	-4.619146E-9
1.489074E+3	-4.619146E-9
1.489093E+3	2.234171E-8
1.489113E+3	3.582214E-8
1.489132E+3	3.582214E-8
1.489151E+3	8.861281E-9
1.489170E+3	8.861281E-9
1.489190E+3	-3.158000E-8
1.489209E+3	-4.619146E-9
1.489228E+3	2.234171E-8
1.489247E+3	3.582214E-8
1.489267E+3	-4.619146E-9
1.489286E+3	8.861281E-9
1.489305E+3	-4.619146E-9
1.489324E+3	8.861281E-9
1.489344E+3	3.582214E-8
1.489363E+3	-1.809957E-8
1.489382E+3	8.861281E-9
1.489401E+3	8.861281E-9
1.489421E+3	-3.158000E-8
1.489440E+3	-3.158000E-8
1.489459E+3	3.582214E-8
1.489478E+3	2.234171E-8
1.489498E+3	3.582214E-8
1.489517E+3	-4.619146E-9
1.489536E+3	3.582214E-8
1.489555E+3	8.861281E-9
1.489575E+3	-4.619146E-9
1.489594E+3	-4.506043E-8
1.489613E+3	8.861281E-9
1.489632E+3	-4.619146E-9
1.489652E+3	-4.619146E-9
1.489671E+3	8.861281E-9
1.489690E+3	8.861281E-9
1.489709E+3	8.861281E-9
1.489729E+3	-4.506043E-8
1.489748E+3	3.582214E-8
1.489767E+3	-3.158000E-8
1.489786E+3	-1.809957E-8
1.489806E+3	3.582214E-8
1.489825E+3	8.861281E-9
1.489844E+3	3.582214E-8
1.489864E+3	8.861281E-9
1.489883E+3	-4.619146E-9
1.489902E+3	8.861281E-9
1.489921E+3	4.930256E-8
1.489941E+3	-4.619146E-9
1.489960E+3	8.861281E-9
1.489979E+3	2.234171E-8
1.489998E+3	8.861281E-9
1.490018E+3	8.861281E-9
1.490037E+3	-4.619146E-9
1.490056E+3	8.861281E-9
1.490075E+3	-4.619146E-9
1.490095E+3	3.582214E-8
1.490114E+3	-3.158000E-8
1.490133E+3	3.582214E-8
1.490152E+3	8.861281E-9
1.490172E+3	-4.619146E-9
1.490191E+3	-3.158000E-8
1.490210E+3	3.582214E-8
1.490229E+3	8.861281E-9
1.490249E+3	-3.158000E-8
1.490268E+3	2.234171E-8
1.490287E+3	8.861281E-9
1.490306E+3	8.861281E-9
1.490326E+3	-4.619146E-9
1.490345E+3	-4.619146E-9
1.490364E+3	-3.158000E-8
1.490383E+3	-4.619146E-9
1.490403E+3	-1.809957E-8
1.490422E+3	-1.809957E-8
1.490441E+3	3.582214E-8
1.490460E+3	-3.158000E-8
1.490480E+3	3.582214E-8
1.490499E+3	-4.619146E-9
1.490518E+3	-4.619146E-9
1.490537E+3	3.582214E-8
1.490557E+3	-4.619146E-9
1.490576E+3	3.582214E-8
1.490595E+3	-3.158000E-8
1.490614E+3	-1.809957E-8
1.490634E+3	8.861281E-9
1.490653E+3	3.582214E-8
1.490672E+3	-1.809957E-8
1.490691E+3	-4.619146E-9
1.490711E+3	-4.619146E-9
1.490730E+3	-4.619146E-9
1.490749E+3	2.234171E-8
1.490768E+3	-3.158000E-8
1.490788E+3	8.861281E-9
1.490807E+3	-1.809957E-8
1.490826E+3	2.234171E-8
1.490845E+3	3.582214E-8
1.490865E+3	-4.619146E-9
1.490884E+3	-1.809957E-8
1.490903E+3	8.861281E-9
1.490922E+3	-1.809957E-8
1.490942E+3	3.582214E-8
1.490961E+3	8.861281E-9
1.490980E+3	-4.619146E-9
1.490999E+3	3.582214E-8
1.491019E+3	3.582214E-8
1.491038E+3	-1.809957E-8
1.491057E+3	4.930256E-8
1.491076E+3	-4.619146E-9
1.491096E+3	-4.619146E-9
1.491115E+3	-1.809957E-8
1.491134E+3	-1.809957E-8
1.491153E+3	-3.158000E-8
1.491173E+3	-1.809957E-8
1.491192E+3	3.582214E-8
1.491211E+3	-3.158000E-8
1.491230E+3	-1.809957E-8
1.491250E+3	8.861281E-9
1.491269E+3	2.234171E-8
1.491288E+3	3.582214E-8
1.491307E+3	-3.158000E-8
1.491327E+3	8.861281E-9
1.491346E+3	-3.158000E-8
1.491365E+3	3.582214E-8
1.491384E+3	2.234171E-8
1.491404E+3	8.861281E-9
1.491423E+3	-1.809957E-8
1.491442E+3	2.234171E-8
1.491462E+3	-3.158000E-8
1.491481E+3	-4.619146E-9
1.491500E+3	-4.619146E-9
1.491519E+3	-3.158000E-8
1.491539E+3	-4.619146E-9
1.491558E+3	-1.809957E-8
1.491577E+3	8.861281E-9
1.491596E+3	8.861281E-9
1.491616E+3	-3.158000E-8
1.491635E+3	-4.619146E-9
1.491654E+3	-4.619146E-9
1.491673E+3	8.861281E-9
1.491693E+3	-3.158000E-8
1.491712E+3	8.861281E-9
1.491731E+3	-1.809957E-8
1.491750E+3	8.861281E-9
1.491770E+3	3.582214E-8
1.491789E+3	2.234171E-8
1.491808E+3	3.582214E-8
1.491827E+3	-4.619146E-9
1.491847E+3	-4.619146E-9
1.491866E+3	3.582214E-8
1.491885E+3	8.861281E-9
1.491904E+3	-3.158000E-8
1.491924E+3	-4.619146E-9
1.491943E+3	-4.619146E-9
1.491962E+3	8.861281E-9
1.491981E+3	-4.619146E-9
1.492001E+3	-4.619146E-9
1.492020E+3	-3.158000E-8
1.492039E+3	-4.619146E-9
1.492058E+3	8.861281E-9
1.492078E+3	-4.619146E-9
1.492097E+3	8.861281E-9
1.492116E+3	-4.619146E-9
1.492135E+3	3.582214E-8
1.492155E+3	-4.506043E-8
1.492174E+3	3.582214E-8
1.492193E+3	-4.506043E-8
1.492212E+3	3.582214E-8
1.492232E+3	8.861281E-9
1.492251E+3	2.234171E-8
1.492270E+3	3.582214E-8
1.492289E+3	-4.619146E-9
1.492309E+3	-4.619146E-9
1.492328E+3	-4.506043E-8
1.492347E+3	8.861281E-9
1.492366E+3	8.861281E-9
1.492386E+3	8.861281E-9
1.492405E+3	8.861281E-9
1.492424E+3	-4.619146E-9
1.492443E+3	8.861281E-9
1.492463E+3	-4.619146E-9
1.492482E+3	-3.158000E-8
1.492501E+3	8.861281E-9
1.492520E+3	-4.619146E-9
1.492540E+3	8.861281E-9
1.492559E+3	-3.158000E-8
1.492578E+3	-3.158000E-8
1.492597E+3	2.234171E-8
1.492617E+3	8.861281E-9
1.492636E+3	3.582214E-8
1.492655E+3	8.861281E-9
1.492674E+3	8.861281E-9
1.492694E+3	4.930256E-8
1.492713E+3	8.861281E-9
1.492732E+3	8.861281E-9
1.492751E+3	3.582214E-8
1.492771E+3	8.861281E-9
1.492790E+3	8.861281E-9
1.492809E+3	2.234171E-8
1.492828E+3	3.582214E-8
1.492848E+3	2.234171E-8
1.492867E+3	-4.619146E-9
1.492886E+3	-3.158000E-8
1.492905E+3	-4.619146E-9
1.492925E+3	-3.158000E-8
1.492944E+3	-4.619146E-9
1.492963E+3	3.582214E-8
1.492982E+3	-3.158000E-8
1.493002E+3	8.861281E-9
1.493021E+3	8.861281E-9
1.493040E+3	-3.158000E-8
1.493060E+3	2.234171E-8
1.493079E+3	-3.158000E-8
1.493098E+3	8.861281E-9
1.493117E+3	-3.158000E-8
1.493137E+3	-3.158000E-8
1.493156E+3	3.582214E-8
1.493175E+3	3.582214E-8
1.493194E+3	-3.158000E-8
1.493214E+3	-3.158000E-8
1.493233E+3	8.861281E-9
1.493252E+3	8.861281E-9
1.493271E+3	4.930256E-8
1.493291E+3	-4.619146E-9
1.493310E+3	-3.158000E-8
1.493329E+3	8.861281E-9
1.493348E+3	-3.158000E-8
1.493368E+3	-1.809957E-8
1.493387E+3	3.582214E-8
1.493406E+3	-4.619146E-9
1.493425E+3	-3.158000E-8
1.493445E+3	8.861281E-9
1.493464E+3	3.582214E-8
1.493483E+3	-4.619146E-9
1.493502E+3	8.861281E-9
1.493522E+3	8.861281E-9
1.493541E+3	2.234171E-8
1.493560E+3	8.861281E-9
1.493579E+3	3.582214E-8
1.493599E+3	-4.619146E-9
1.493618E+3	-4.619146E-9
1.493637E+3	-4.619146E-9
1.493656E+3	3.582214E-8
1.493676E+3	-3.158000E-8
1.493695E+3	-3.158000E-8
1.493714E+3	-4.619146E-9
1.493733E+3	3.582214E-8
1.493753E+3	2.234171E-8
1.493772E+3	3.582214E-8
1.493791E+3	3.582214E-8
1.493810E+3	-5.854086E-8
1.493830E+3	8.861281E-9
1.493849E+3	2.234171E-8
1.493868E+3	2.234171E-8
1.493887E+3	-4.506043E-8
1.493907E+3	-4.619146E-9
1.493926E+3	-1.809957E-8
1.493945E+3	2.234171E-8
1.493964E+3	-3.158000E-8
1.493984E+3	-3.158000E-8
1.494003E+3	-3.158000E-8
1.494022E+3	-4.619146E-9
1.494041E+3	-1.809957E-8
1.494061E+3	8.861281E-9
1.494080E+3	-4.506043E-8
1.494099E+3	3.582214E-8
1.494118E+3	-3.158000E-8
1.494138E+3	-4.619146E-9
1.494157E+3	-3.158000E-8
1.494176E+3	-3.158000E-8
1.494195E+3	-4.619146E-9
1.494215E+3	-1.809957E-8
1.494234E+3	-1.809957E-8
1.494253E+3	3.582214E-8
1.494272E+3	8.861281E-9
1.494292E+3	8.861281E-9
1.494311E+3	2.234171E-8
1.494330E+3	8.861281E-9
1.494349E+3	8.861281E-9
1.494369E+3	-3.158000E-8
1.494388E+3	-4.619146E-9
1.494407E+3	8.861281E-9
1.494426E+3	3.582214E-8
1.494446E+3	8.861281E-9
1.494465E+3	-3.158000E-8
1.494484E+3	-1.809957E-8
1.494503E+3	-3.158000E-8
1.494523E+3	3.582214E-8
1.494542E+3	-4.619146E-9
1.494561E+3	-4.619146E-9
1.494580E+3	-1.809957E-8
1.494600E+3	3.582214E-8
1.494619E+3	-1.809957E-8
1.494638E+3	3.582214E-8
1.494658E+3	-1.809957E-8
1.494677E+3	-1.809957E-8
1.494696E+3	-3.158000E-8
1.494715E+3	-3.158000E-8
1.494735E+3	8.861281E-9
1.494754E+3	2.234171E-8
1.494773E+3	-1.809957E-8
1.494792E+3	8.861281E-9
1.494812E+3	8.861281E-9
1.494831E+3	8.861281E-9
1.494850E+3	-4.619146E-9
1.494869E+3	8.861281E-9
1.494889E+3	-3.158000E-8
1.494908E+3	3.582214E-8
1.494927E+3	-4.506043E-8
1.494946E+3	3.582214E-8
1.494966E+3	3.582214E-8
1.494985E+3	8.861281E-9
1.495004E+3	-3.158000E-8
1.495023E+3	-3.158000E-8
1.495043E+3	2.234171E-8
1.495062E+3	-4.619146E-9
1.495081E+3	2.234171E-8
1.495100E+3	3.582214E-8
1.495120E+3	8.861281E-9
1.495139E+3	8.861281E-9
1.495158E+3	-1.809957E-8
1.495177E+3	3.582214E-8
1.495197E+3	3.582214E-8
1.495216E+3	8.861281E-9
1.495235E+3	3.582214E-8
1.495254E+3	4.930256E-8
1.495274E+3	3.582214E-8
1.495293E+3	-1.809957E-8
1.495312E+3	2.234171E-8
1.495331E+3	-1.809957E-8
1.495351E+3	3.582214E-8
1.495370E+3	4.930256E-8
1.495389E+3	3.582214E-8
1.495408E+3	-1.809957E-8
1.495428E+3	4.930256E-8
1.495447E+3	8.861281E-9
1.495466E+3	-1.809957E-8
1.495485E+3	3.582214E-8
1.495505E+3	-3.158000E-8
1.495524E+3	8.861281E-9
1.495543E+3	-4.619146E-9
1.495562E+3	8.861281E-9
1.495582E+3	8.861281E-9
1.495601E+3	-3.158000E-8
1.495620E+3	8.861281E-9
1.495639E+3	-3.158000E-8
1.495659E+3	-3.158000E-8
1.495678E+3	3.582214E-8
1.495697E+3	-4.619146E-9
1.495716E+3	2.234171E-8
1.495736E+3	3.582214E-8
1.495755E+3	3.582214E-8
1.495774E+3	-4.619146E-9
1.495793E+3	8.861281E-9
1.495813E+3	-1.809957E-8
1.495832E+3	8.861281E-9
1.495851E+3	-4.619146E-9
1.495870E+3	8.861281E-9
1.495890E+3	8.861281E-9
1.495909E+3	8.861281E-9
1.495928E+3	3.582214E-8
1.495947E+3	-1.809957E-8
1.495967E+3	-1.809957E-8
1.495986E+3	-1.809957E-8
1.496005E+3	-4.619146E-9
1.496024E+3	-4.506043E-8
1.496044E+3	-4.506043E-8
1.496063E+3	-4.619146E-9
1.496082E+3	8.861281E-9
1.496101E+3	-3.158000E-8
1.496121E+3	-4.619146E-9
1.496140E+3	-3.158000E-8
1.496159E+3	-1.809957E-8
1.496178E+3	3.582214E-8
1.496198E+3	2.234171E-8
1.496217E+3	-1.809957E-8
1.496236E+3	-1.809957E-8
1.496256E+3	8.861281E-9
1.496275E+3	8.861281E-9
1.496294E+3	3.582214E-8
1.496313E+3	-4.506043E-8
1.496333E+3	8.861281E-9
1.496352E+3	-4.619146E-9
1.496371E+3	3.582214E-8
1.496390E+3	8.861281E-9
1.496410E+3	-4.619146E-9
1.496429E+3	3.582214E-8
1.496448E+3	-3.158000E-8
1.496467E+3	-1.809957E-8
1.496487E+3	8.861281E-9
1.496506E+3	8.861281E-9
1.496525E+3	3.582214E-8
1.496544E+3	-4.619146E-9
1.496564E+3	-4.619146E-9
1.496583E+3	8.861281E-9
1.496602E+3	-3.158000E-8
1.496621E+3	8.861281E-9
1.496641E+3	3.582214E-8
1.496660E+3	3.582214E-8
1.496679E+3	-3.158000E-8
1.496698E+3	-3.158000E-8
1.496718E+3	8.861281E-9
1.496737E+3	-4.619146E-9
1.496756E+3	2.234171E-8
1.496775E+3	8.861281E-9
1.496795E+3	2.234171E-8
1.496814E+3	8.861281E-9
1.496833E+3	3.582214E-8
1.496852E+3	8.861281E-9
1.496872E+3	2.234171E-8
1.496891E+3	8.861281E-9
1.496910E+3	2.234171E-8
1.496929E+3	-3.158000E-8
1.496949E+3	2.234171E-8
1.496968E+3	8.861281E-9
1.496987E+3	2.234171E-8
1.497006E+3	-1.809957E-8
1.497026E+3	3.582214E-8
1.497045E+3	8.861281E-9
1.497064E+3	2.234171E-8
1.497083E+3	8.861281E-9
1.497103E+3	8.861281E-9
1.497122E+3	3.582214E-8
1.497141E+3	-3.158000E-8
1.497160E+3	-1.809957E-8
1.497180E+3	-4.619146E-9
1.497199E+3	8.861281E-9
1.497218E+3	-3.158000E-8
1.497237E+3	4.930256E-8
1.497257E+3	2.234171E-8
1.497276E+3	8.861281E-9
1.497295E+3	-4.619146E-9
1.497314E+3	-3.158000E-8
1.497334E+3	-4.619146E-9
1.497353E+3	-4.506043E-8
1.497372E+3	-3.158000E-8
1.497391E+3	-4.619146E-9
1.497411E+3	2.234171E-8
1.497430E+3	-3.158000E-8
1.497449E+3	8.861281E-9
1.497468E+3	-4.506043E-8
1.497488E+3	8.861281E-9
1.497507E+3	-4.619146E-9
1.497526E+3	8.861281E-9
1.497545E+3	2.234171E-8
1.497565E+3	8.861281E-9
1.497584E+3	3.582214E-8
1.497603E+3	8.861281E-9
1.497622E+3	8.861281E-9
1.497642E+3	3.582214E-8
1.497661E+3	-1.809957E-8
1.497680E+3	-4.619146E-9
1.497699E+3	3.582214E-8
1.497719E+3	-1.809957E-8
1.497738E+3	3.582214E-8
1.497757E+3	-1.809957E-8
1.497776E+3	8.861281E-9
1.497796E+3	8.861281E-9
1.497815E+3	8.861281E-9
1.497834E+3	-1.809957E-8
1.497854E+3	3.582214E-8
1.497873E+3	8.861281E-9
1.497892E+3	8.861281E-9
1.497911E+3	-1.809957E-8
1.497931E+3	-3.158000E-8
1.497950E+3	2.234171E-8
1.497969E+3	3.582214E-8
1.497988E+3	8.861281E-9
1.498008E+3	-1.809957E-8
1.498027E+3	8.861281E-9
1.498046E+3	8.861281E-9
1.498065E+3	8.861281E-9
1.498085E+3	-3.158000E-8
1.498104E+3	8.861281E-9
1.498123E+3	8.861281E-9
1.498142E+3	-3.158000E-8
1.498162E+3	2.234171E-8
1.498181E+3	-3.158000E-8
1.498200E+3	4.930256E-8
1.498219E+3	4.930256E-8
1.498239E+3	8.861281E-9
1.498258E+3	-1.809957E-8
1.498277E+3	4.930256E-8
1.498296E+3	8.861281E-9
1.498316E+3	3.582214E-8
1.498335E+3	8.861281E-9
1.498354E+3	8.861281E-9
1.498373E+3	2.234171E-8
1.498393E+3	8.861281E-9
1.498412E+3	8.861281E-9
1.498431E+3	4.930256E-8
1.498450E+3	2.234171E-8
1.498470E+3	-1.809957E-8
1.498489E+3	2.234171E-8
1.498508E+3	4.930256E-8
1.498527E+3	-1.809957E-8
1.498547E+3	3.582214E-8
1.498566E+3	8.861281E-9
1.498585E+3	-1.809957E-8
1.498604E+3	-3.158000E-8
1.498624E+3	3.582214E-8
1.498643E+3	8.861281E-9
1.498662E+3	3.582214E-8
1.498681E+3	3.582214E-8
1.498701E+3	3.582214E-8
1.498720E+3	8.861281E-9
1.498739E+3	3.582214E-8
1.498758E+3	8.861281E-9
1.498778E+3	6.278299E-8
1.498797E+3	8.861281E-9
1.498816E+3	8.861281E-9
1.498835E+3	8.861281E-9
1.498855E+3	-4.619146E-9
1.498874E+3	8.861281E-9
1.498893E+3	4.930256E-8
1.498912E+3	3.582214E-8
1.498932E+3	2.234171E-8
1.498951E+3	4.930256E-8
1.498970E+3	3.582214E-8
1.498989E+3	-1.809957E-8
1.499009E+3	8.861281E-9
1.499028E+3	3.582214E-8
1.499047E+3	2.234171E-8
1.499066E+3	2.234171E-8
1.499086E+3	4.930256E-8
1.499105E+3	-4.619146E-9
1.499124E+3	8.861281E-9
1.499143E+3	2.234171E-8
1.499163E+3	-1.809957E-8
1.499182E+3	2.234171E-8
1.499201E+3	8.861281E-9
1.499220E+3	-3.158000E-8
1.499240E+3	-4.619146E-9
1.499259E+3	4.930256E-8
1.499278E+3	4.930256E-8
1.499297E+3	2.234171E-8
1.499317E+3	2.234171E-8
1.499336E+3	3.582214E-8
1.499355E+3	-4.619146E-9
1.499374E+3	-4.619146E-9
1.499394E+3	2.234171E-8
1.499413E+3	-4.619146E-9
1.499432E+3	2.234171E-8
1.499451E+3	2.234171E-8
1.499471E+3	-1.809957E-8
1.499490E+3	8.861281E-9
1.499509E+3	8.861281E-9
1.499529E+3	-3.158000E-8
1.499548E+3	4.930256E-8
1.499567E+3	8.861281E-9
1.499586E+3	8.861281E-9
1.499606E+3	8.861281E-9
1.499625E+3	8.861281E-9
1.499644E+3	-4.619146E-9
1.499663E+3	3.582214E-8
1.499683E+3	8.861281E-9
1.499702E+3	3.582214E-8
1.499721E+3	-4.619146E-9
1.499740E+3	-1.809957E-8
1.499760E+3	3.582214E-8
1.499779E+3	8.861281E-9
1.499798E+3	8.861281E-9
1.499817E+3	-1.809957E-8
1.499837E+3	8.861281E-9
1.499856E+3	-4.619146E-9
1.499875E+3	-4.506043E-8
1.499894E+3	3.582214E-8
1.499914E+3	3.582214E-8
1.499933E+3	-1.809957E-8
1.499952E+3	8.861281E-9
1.499971E+3	3.582214E-8
1.499991E+3	3.582214E-8
1.500010E+3	2.234171E-8
1.500029E+3	8.861281E-9
1.500048E+3	3.582214E-8
1.500068E+3	8.861281E-9
1.500087E+3	2.234171E-8
1.500106E+3	8.861281E-9
1.500125E+3	8.861281E-9
1.500145E+3	2.234171E-8
1.500164E+3	-4.619146E-9
1.500183E+3	-4.619146E-9
1.500202E+3	8.861281E-9
1.500222E+3	-1.809957E-8
1.500241E+3	8.861281E-9
1.500260E+3	8.861281E-9
1.500279E+3	8.861281E-9
1.500299E+3	-4.619146E-9
1.500318E+3	3.582214E-8
1.500337E+3	8.861281E-9
1.500356E+3	-4.506043E-8
1.500376E+3	3.582214E-8
1.500395E+3	3.582214E-8
1.500414E+3	8.861281E-9
1.500433E+3	8.861281E-9
1.500453E+3	4.930256E-8
1.500472E+3	-1.809957E-8
1.500491E+3	8.861281E-9
1.500510E+3	-4.619146E-9
1.500530E+3	-1.809957E-8
1.500549E+3	2.234171E-8
1.500568E+3	8.861281E-9
1.500587E+3	-3.158000E-8
1.500607E+3	8.861281E-9
1.500626E+3	-1.809957E-8
1.500645E+3	-3.158000E-8
1.500664E+3	-4.619146E-9
1.500684E+3	-3.158000E-8
1.500703E+3	3.582214E-8
1.500722E+3	8.861281E-9
1.500741E+3	-1.809957E-8
1.500761E+3	-1.809957E-8
1.500780E+3	8.861281E-9
1.500799E+3	4.930256E-8
1.500818E+3	4.930256E-8
1.500838E+3	8.861281E-9
1.500857E+3	3.582214E-8
1.500876E+3	2.234171E-8
1.500895E+3	-1.809957E-8
1.500915E+3	4.930256E-8
1.500934E+3	8.861281E-9
1.500953E+3	6.278299E-8
1.500972E+3	8.861281E-9
1.500992E+3	-1.809957E-8
1.501011E+3	3.582214E-8
1.501030E+3	8.861281E-9
1.501049E+3	-1.809957E-8
1.501069E+3	2.234171E-8
1.501088E+3	4.930256E-8
1.501107E+3	8.861281E-9
1.501127E+3	2.234171E-8
1.501146E+3	6.278299E-8
1.501165E+3	2.234171E-8
1.501184E+3	4.930256E-8
1.501204E+3	-4.619146E-9
1.501223E+3	8.861281E-9
1.501242E+3	-1.809957E-8
1.501261E+3	2.234171E-8
1.501281E+3	3.582214E-8
1.501300E+3	-4.619146E-9
1.501319E+3	3.582214E-8
1.501338E+3	-4.619146E-9
1.501358E+3	8.861281E-9
1.501377E+3	3.582214E-8
1.501396E+3	8.861281E-9
1.501415E+3	3.582214E-8
1.501435E+3	2.234171E-8
1.501454E+3	3.582214E-8
1.501473E+3	3.582214E-8
1.501492E+3	6.278299E-8
1.501512E+3	3.582214E-8
1.501531E+3	4.930256E-8
1.501550E+3	2.234171E-8
1.501569E+3	6.278299E-8
1.501589E+3	2.234171E-8
1.501608E+3	7.626342E-8
1.501627E+3	6.278299E-8
1.501646E+3	3.582214E-8
1.501666E+3	3.582214E-8
1.501685E+3	2.234171E-8
1.501704E+3	6.278299E-8
1.501723E+3	7.626342E-8
1.501743E+3	8.974385E-8
1.501762E+3	8.974385E-8
1.501781E+3	7.626342E-8
1.501800E+3	4.930256E-8
1.501820E+3	8.974385E-8
1.501839E+3	3.582214E-8
1.501858E+3	1.167047E-7
1.501877E+3	1.167047E-7
1.501897E+3	8.974385E-8
1.501916E+3	7.626342E-8
1.501935E+3	6.278299E-8
1.501954E+3	1.301851E-7
1.501974E+3	8.974385E-8
1.501993E+3	8.974385E-8
1.502012E+3	8.974385E-8
1.502031E+3	4.930256E-8
1.502051E+3	1.032243E-7
1.502070E+3	7.626342E-8
1.502089E+3	1.167047E-7
1.502108E+3	7.626342E-8
1.502128E+3	1.167047E-7
1.502147E+3	1.167047E-7
1.502166E+3	4.930256E-8
1.502185E+3	3.582214E-8
1.502205E+3	7.626342E-8
1.502224E+3	8.974385E-8
1.502243E+3	6.278299E-8
1.502262E+3	3.582214E-8
1.502282E+3	2.234171E-8
1.502301E+3	2.234171E-8
1.502320E+3	3.582214E-8
1.502339E+3	6.278299E-8
1.502359E+3	4.930256E-8
1.502378E+3	6.278299E-8
1.502397E+3	8.861281E-9
1.502416E+3	8.861281E-9
1.502436E+3	6.278299E-8
1.502455E+3	-4.619146E-9
1.502474E+3	7.626342E-8
1.502493E+3	-4.619146E-9
1.502513E+3	4.930256E-8
1.502532E+3	2.234171E-8
1.502551E+3	2.234171E-8
1.502570E+3	2.234171E-8
1.502590E+3	8.861281E-9
1.502609E+3	8.861281E-9
1.502628E+3	3.582214E-8
1.502647E+3	-4.619146E-9
1.502667E+3	8.861281E-9
1.502686E+3	3.582214E-8
1.502705E+3	4.930256E-8
1.502725E+3	-4.619146E-9
1.502744E+3	-1.809957E-8
1.502763E+3	2.234171E-8
1.502782E+3	-1.809957E-8
1.502802E+3	4.930256E-8
1.502821E+3	3.582214E-8
1.502840E+3	3.582214E-8
1.502859E+3	4.930256E-8
1.502879E+3	4.930256E-8
1.502898E+3	6.278299E-8
1.502917E+3	4.930256E-8
1.502936E+3	4.930256E-8
1.502956E+3	1.032243E-7
1.502975E+3	1.032243E-7
1.502994E+3	8.974385E-8
1.503013E+3	3.582214E-8
1.503033E+3	4.930256E-8
1.503052E+3	6.278299E-8
1.503071E+3	4.930256E-8
1.503090E+3	1.167047E-7
1.503110E+3	8.974385E-8
1.503129E+3	8.974385E-8
1.503148E+3	1.032243E-7
1.503167E+3	1.167047E-7
1.503187E+3	7.626342E-8
1.503206E+3	1.167047E-7
1.503225E+3	1.032243E-7
1.503244E+3	1.167047E-7
1.503264E+3	1.032243E-7
1.503283E+3	1.301851E-7
1.503302E+3	7.626342E-8
1.503321E+3	1.167047E-7
1.503341E+3	1.301851E-7
1.503360E+3	1.706264E-7
1.503379E+3	1.841068E-7
1.503398E+3	1.436656E-7
1.503418E+3	1.571460E-7
1.503437E+3	1.301851E-7
1.503456E+3	1.841068E-7
1.503475E+3	1.975873E-7
1.503495E+3	1.571460E-7
1.503514E+3	1.167047E-7
1.503533E+3	1.841068E-7
1.503552E+3	1.975873E-7
1.503572E+3	2.245481E-7
1.503591E+3	2.245481E-7
1.503610E+3	1.841068E-7
1.503629E+3	2.380285E-7
1.503649E+3	1.975873E-7
1.503668E+3	1.975873E-7
1.503687E+3	1.975873E-7
1.503706E+3	2.380285E-7
1.503726E+3	2.784698E-7
1.503745E+3	2.380285E-7
1.503764E+3	2.919503E-7
1.503783E+3	3.323915E-7
1.503803E+3	3.593524E-7
1.503822E+3	4.402350E-7
1.503841E+3	4.671958E-7
1.503860E+3	4.806762E-7
1.503880E+3	5.750392E-7
1.503899E+3	6.289609E-7
1.503918E+3	7.772456E-7
1.503937E+3	8.716086E-7
1.503957E+3	9.659716E-7
1.503976E+3	1.154698E-6
1.503995E+3	1.383865E-6
1.504014E+3	1.599552E-6
1.504034E+3	1.788278E-6
1.504053E+3	1.936562E-6
1.504072E+3	2.084847E-6
1.504091E+3	2.314014E-6
1.504111E+3	2.502740E-6
1.504130E+3	2.772349E-6
1.504149E+3	2.974555E-6
1.504168E+3	3.298086E-6
1.504188E+3	3.527253E-6
1.504207E+3	3.769901E-6
1.504226E+3	3.891224E-6
1.504245E+3	4.120392E-6
1.504265E+3	4.255196E-6
1.504284E+3	4.497844E-6
1.504303E+3	4.605687E-6
1.504323E+3	4.821374E-6
1.504342E+3	4.996619E-6
1.504361E+3	4.942698E-6
1.504380E+3	4.875296E-6
1.504400E+3	4.807893E-6
1.504419E+3	4.794413E-6
1.504438E+3	4.753972E-6
1.504457E+3	4.646128E-6
1.504477E+3	4.538285E-6
1.504496E+3	4.174313E-6
1.504515E+3	4.039509E-6
1.504534E+3	3.742940E-6
1.504554E+3	3.567694E-6
1.504573E+3	3.325046E-6
1.504592E+3	3.055438E-6
1.504611E+3	2.839751E-6
1.504631E+3	2.570142E-6
1.504650E+3	2.340975E-6
1.504669E+3	1.990484E-6
1.504688E+3	1.761317E-6
1.504708E+3	1.505189E-6
1.504727E+3	1.289502E-6
1.504746E+3	1.141217E-6
1.504765E+3	9.929325E-7
1.504785E+3	8.716086E-7
1.504804E+3	7.368044E-7
1.504823E+3	6.289609E-7
1.504842E+3	5.615588E-7
1.504862E+3	4.941567E-7
1.504881E+3	3.997937E-7
1.504900E+3	3.323915E-7
1.504919E+3	3.593524E-7
1.504939E+3	3.458720E-7
1.504958E+3	3.054307E-7
1.504977E+3	2.380285E-7
1.504996E+3	2.515090E-7
1.505016E+3	2.380285E-7
1.505035E+3	1.975873E-7
1.505054E+3	1.841068E-7
1.505073E+3	1.975873E-7
1.505093E+3	2.380285E-7
1.505112E+3	1.706264E-7
1.505131E+3	1.975873E-7
1.505150E+3	2.110677E-7
1.505170E+3	2.245481E-7
1.505189E+3	1.436656E-7
1.505208E+3	1.841068E-7
1.505227E+3	1.841068E-7
1.505247E+3	1.975873E-7
1.505266E+3	1.706264E-7
1.505285E+3	1.571460E-7
1.505304E+3	1.841068E-7
1.505324E+3	1.706264E-7
1.505343E+3	1.706264E-7
1.505362E+3	1.436656E-7
1.505381E+3	1.167047E-7
1.505401E+3	1.032243E-7
1.505420E+3	1.167047E-7
1.505439E+3	7.626342E-8
1.505458E+3	8.974385E-8
1.505478E+3	8.974385E-8
1.505497E+3	6.278299E-8
1.505516E+3	6.278299E-8
1.505535E+3	7.626342E-8
1.505555E+3	6.278299E-8
1.505574E+3	2.234171E-8
1.505593E+3	4.930256E-8
1.505612E+3	4.930256E-8
1.505632E+3	6.278299E-8
1.505651E+3	3.582214E-8
1.505670E+3	4.930256E-8
1.505689E+3	4.930256E-8
1.505709E+3	7.626342E-8
1.505728E+3	8.861281E-9
1.505747E+3	4.930256E-8
1.505766E+3	3.582214E-8
1.505786E+3	6.278299E-8
1.505805E+3	-4.619146E-9
1.505824E+3	2.234171E-8
1.505843E+3	-1.809957E-8
1.505863E+3	6.278299E-8
1.505882E+3	8.861281E-9
1.505901E+3	8.861281E-9
1.505921E+3	-4.619146E-9
1.505940E+3	6.278299E-8
1.505959E+3	4.930256E-8
1.505978E+3	2.234171E-8
1.505998E+3	4.930256E-8
1.506017E+3	2.234171E-8
1.506036E+3	6.278299E-8
1.506055E+3	3.582214E-8
1.506075E+3	3.582214E-8
1.506094E+3	2.234171E-8
1.506113E+3	6.278299E-8
1.506132E+3	-4.619146E-9
1.506152E+3	3.582214E-8
1.506171E+3	6.278299E-8
1.506190E+3	7.626342E-8
1.506209E+3	3.582214E-8
1.506229E+3	7.626342E-8
1.506248E+3	7.626342E-8
1.506267E+3	7.626342E-8
1.506286E+3	4.930256E-8
1.506306E+3	1.032243E-7
1.506325E+3	8.974385E-8
1.506344E+3	1.706264E-7
1.506363E+3	1.032243E-7
1.506383E+3	1.301851E-7
1.506402E+3	1.167047E-7
1.506421E+3	1.571460E-7
1.506440E+3	1.301851E-7
1.506460E+3	1.436656E-7
1.506479E+3	1.301851E-7
1.506498E+3	1.436656E-7
1.506517E+3	1.706264E-7
1.506537E+3	1.436656E-7
1.506556E+3	1.301851E-7
1.506575E+3	1.571460E-7
1.506594E+3	1.167047E-7
1.506614E+3	1.167047E-7
1.506633E+3	1.301851E-7
1.506652E+3	1.167047E-7
1.506671E+3	1.436656E-7
1.506691E+3	7.626342E-8
1.506710E+3	1.167047E-7
1.506729E+3	6.278299E-8
1.506748E+3	4.930256E-8
1.506768E+3	7.626342E-8
1.506787E+3	4.930256E-8
1.506806E+3	1.167047E-7
1.506825E+3	8.974385E-8
1.506845E+3	8.974385E-8
1.506864E+3	8.974385E-8
1.506883E+3	2.234171E-8
1.506902E+3	2.234171E-8
1.506922E+3	4.930256E-8
1.506941E+3	6.278299E-8
1.506960E+3	8.861281E-9
1.506979E+3	8.861281E-9
1.506999E+3	6.278299E-8
1.507018E+3	6.278299E-8
1.507037E+3	3.582214E-8
1.507056E+3	3.582214E-8
1.507076E+3	2.234171E-8
1.507095E+3	6.278299E-8
1.507114E+3	-4.619146E-9
1.507133E+3	4.930256E-8
1.507153E+3	2.234171E-8
1.507172E+3	-1.809957E-8
1.507191E+3	6.278299E-8
1.507210E+3	-1.809957E-8
1.507230E+3	8.861281E-9
1.507249E+3	4.930256E-8
1.507268E+3	4.930256E-8
1.507287E+3	3.582214E-8
1.507307E+3	2.234171E-8
1.507326E+3	-3.158000E-8
1.507345E+3	8.861281E-9
1.507364E+3	-3.158000E-8
1.507384E+3	8.861281E-9
1.507403E+3	8.861281E-9
1.507422E+3	-3.158000E-8
1.507441E+3	8.861281E-9
1.507461E+3	-4.619146E-9
1.507480E+3	3.582214E-8
1.507499E+3	-3.158000E-8
1.507519E+3	-4.506043E-8
1.507538E+3	8.861281E-9
1.507557E+3	-3.158000E-8
1.507576E+3	-1.809957E-8
1.507596E+3	-3.158000E-8
1.507615E+3	-4.619146E-9
1.507634E+3	-3.158000E-8
1.507653E+3	-3.158000E-8
1.507673E+3	-1.809957E-8
1.507692E+3	-4.619146E-9
1.507711E+3	-3.158000E-8
1.507730E+3	8.861281E-9
1.507750E+3	3.582214E-8
1.507769E+3	-4.619146E-9
1.507788E+3	-4.619146E-9
1.507807E+3	-4.506043E-8
1.507827E+3	-3.158000E-8
1.507846E+3	2.234171E-8
1.507865E+3	2.234171E-8
1.507884E+3	8.861281E-9
1.507904E+3	-3.158000E-8
1.507923E+3	8.861281E-9
1.507942E+3	2.234171E-8
1.507961E+3	-4.619146E-9
1.507981E+3	-4.619146E-9
1.508000E+3	3.582214E-8
1.508019E+3	-1.809957E-8
1.508038E+3	-4.619146E-9
1.508058E+3	-1.809957E-8
1.508077E+3	3.582214E-8
1.508096E+3	3.582214E-8
1.508115E+3	-4.619146E-9
1.508135E+3	-1.809957E-8
1.508154E+3	2.234171E-8
1.508173E+3	4.930256E-8
1.508192E+3	-3.158000E-8
1.508212E+3	8.861281E-9
1.508231E+3	2.234171E-8
1.508250E+3	8.861281E-9
1.508269E+3	-4.619146E-9
1.508289E+3	8.861281E-9
1.508308E+3	2.234171E-8
1.508327E+3	8.861281E-9
1.508346E+3	-3.158000E-8
1.508366E+3	-4.619146E-9
1.508385E+3	-3.158000E-8
1.508404E+3	8.861281E-9
1.508423E+3	-1.809957E-8
1.508443E+3	3.582214E-8
1.508462E+3	8.861281E-9
1.508481E+3	2.234171E-8
1.508500E+3	-3.158000E-8
1.508520E+3	8.861281E-9
1.508539E+3	8.861281E-9
1.508558E+3	-3.158000E-8
1.508577E+3	8.861281E-9
1.508597E+3	3.582214E-8
1.508616E+3	-4.619146E-9
1.508635E+3	8.861281E-9
1.508654E+3	3.582214E-8
1.508674E+3	-3.158000E-8
1.508693E+3	8.861281E-9
1.508712E+3	-3.158000E-8
1.508731E+3	2.234171E-8
1.508751E+3	-4.619146E-9
1.508770E+3	3.582214E-8
1.508789E+3	-4.619146E-9
1.508808E+3	8.861281E-9
1.508828E+3	-4.619146E-9
1.508847E+3	2.234171E-8
1.508866E+3	6.278299E-8
1.508885E+3	8.861281E-9
1.508905E+3	3.582214E-8
1.508924E+3	-1.809957E-8
1.508943E+3	2.234171E-8
1.508962E+3	8.861281E-9
1.508982E+3	-1.809957E-8
1.509001E+3	2.234171E-8
1.509020E+3	-1.809957E-8
1.509039E+3	2.234171E-8
1.509059E+3	3.582214E-8
1.509078E+3	6.278299E-8
1.509097E+3	-4.619146E-9
1.509117E+3	-1.809957E-8
1.509136E+3	2.234171E-8
1.509155E+3	-4.619146E-9
1.509174E+3	3.582214E-8
1.509194E+3	2.234171E-8
1.509213E+3	3.582214E-8
1.509232E+3	3.582214E-8
1.509251E+3	7.626342E-8
1.509271E+3	4.930256E-8
1.509290E+3	6.278299E-8
1.509309E+3	6.278299E-8
1.509328E+3	3.582214E-8
1.509348E+3	4.930256E-8
1.509367E+3	-4.619146E-9
1.509386E+3	-4.619146E-9
1.509405E+3	-4.619146E-9
1.509425E+3	6.278299E-8
1.509444E+3	3.582214E-8
1.509463E+3	8.861281E-9
1.509482E+3	2.234171E-8
1.509502E+3	3.582214E-8
1.509521E+3	-4.619146E-9
1.509540E+3	-4.619146E-9
1.509559E+3	4.930256E-8
1.509579E+3	8.861281E-9
1.509598E+3	2.234171E-8
1.509617E+3	8.861281E-9
1.509636E+3	8.861281E-9
1.509656E+3	4.930256E-8
1.509675E+3	2.234171E-8
1.509694E+3	8.861281E-9
1.509713E+3	-4.619146E-9
1.509733E+3	8.861281E-9
1.509752E+3	4.930256E-8
1.509771E+3	2.234171E-8
1.509790E+3	4.930256E-8
1.509810E+3	-3.158000E-8
1.509829E+3	3.582214E-8
1.509848E+3	8.861281E-9
1.509867E+3	3.582214E-8
1.509887E+3	8.861281E-9
1.509906E+3	8.861281E-9
1.509925E+3	-1.809957E-8
1.509944E+3	8.861281E-9
1.509964E+3	2.234171E-8
1.509983E+3	8.861281E-9
1.510002E+3	2.234171E-8
1.510021E+3	8.861281E-9
1.510041E+3	8.861281E-9
1.510060E+3	2.234171E-8
1.510079E+3	6.278299E-8
1.510098E+3	2.234171E-8
1.510118E+3	6.278299E-8
1.510137E+3	3.582214E-8
1.510156E+3	2.234171E-8
1.510175E+3	-4.619146E-9
1.510195E+3	2.234171E-8
1.510214E+3	-4.619146E-9
1.510233E+3	3.582214E-8
1.510252E+3	8.861281E-9
1.510272E+3	-4.619146E-9
1.510291E+3	-4.619146E-9
1.510310E+3	-4.619146E-9
1.510329E+3	-4.619146E-9
1.510349E+3	3.582214E-8
1.510368E+3	2.234171E-8
1.510387E+3	3.582214E-8
1.510406E+3	7.626342E-8
1.510426E+3	6.278299E-8
1.510445E+3	3.582214E-8
1.510464E+3	3.582214E-8
1.510483E+3	4.930256E-8
1.510503E+3	3.582214E-8
1.510522E+3	-1.809957E-8
1.510541E+3	2.234171E-8
1.510560E+3	8.861281E-9
1.510580E+3	2.234171E-8
1.510599E+3	2.234171E-8
1.510618E+3	8.861281E-9
1.510637E+3	-1.809957E-8
1.510657E+3	8.861281E-9
1.510676E+3	8.861281E-9
1.510695E+3	8.861281E-9
1.510715E+3	8.861281E-9
1.510734E+3	8.861281E-9
1.510753E+3	8.861281E-9
1.510772E+3	-4.619146E-9
1.510792E+3	-4.619146E-9
1.510811E+3	-3.158000E-8
1.510830E+3	8.861281E-9
1.510849E+3	2.234171E-8
1.510869E+3	-4.619146E-9
1.510888E+3	3.582214E-8
1.510907E+3	-4.619146E-9
1.510926E+3	-3.158000E-8
1.510946E+3	8.861281E-9
1.510965E+3	8.861281E-9
1.510984E+3	2.234171E-8
1.511003E+3	-3.158000E-8
1.511023E+3	-4.619146E-9
1.511042E+3	-4.619146E-9
1.511061E+3	8.861281E-9
1.511080E+3	4.930256E-8
1.511100E+3	-4.506043E-8
1.511119E+3	8.861281E-9
1.511138E+3	-4.619146E-9
1.511157E+3	8.861281E-9
1.511177E+3	-4.619146E-9
1.511196E+3	-4.619146E-9
1.511215E+3	-4.619146E-9
1.511234E+3	-3.158000E-8
1.511254E+3	8.861281E-9
1.511273E+3	-4.506043E-8
1.511292E+3	8.861281E-9
1.511311E+3	8.861281E-9
1.511331E+3	-1.809957E-8
1.511350E+3	-4.619146E-9
1.511369E+3	-1.809957E-8
1.511388E+3	2.234171E-8
1.511408E+3	8.861281E-9
1.511427E+3	-4.619146E-9
1.511446E+3	-3.158000E-8
1.511465E+3	-4.619146E-9
1.511485E+3	8.861281E-9
1.511504E+3	3.582214E-8
1.511523E+3	-1.809957E-8
1.511542E+3	3.582214E-8
1.511562E+3	-3.158000E-8
1.511581E+3	-4.619146E-9
1.511600E+3	-1.809957E-8
1.511619E+3	3.582214E-8
1.511639E+3	3.582214E-8
1.511658E+3	-1.809957E-8
1.511677E+3	-4.619146E-9
1.511696E+3	8.861281E-9
1.511716E+3	8.861281E-9
1.511735E+3	2.234171E-8
1.511754E+3	8.861281E-9
1.511773E+3	8.861281E-9
1.511793E+3	8.861281E-9
1.511812E+3	3.582214E-8
1.511831E+3	8.861281E-9
1.511850E+3	8.861281E-9
1.511870E+3	2.234171E-8
1.511889E+3	-4.619146E-9
1.511908E+3	3.582214E-8
1.511927E+3	-4.619146E-9
1.511947E+3	8.861281E-9
1.511966E+3	-1.809957E-8
1.511985E+3	-1.809957E-8
1.512004E+3	-4.619146E-9
1.512024E+3	8.861281E-9
1.512043E+3	-4.506043E-8
1.512062E+3	-3.158000E-8
1.512081E+3	8.861281E-9
1.512101E+3	2.234171E-8
1.512120E+3	-4.619146E-9
1.512139E+3	8.861281E-9
1.512158E+3	-3.158000E-8
1.512178E+3	8.861281E-9
1.512197E+3	-3.158000E-8
1.512216E+3	8.861281E-9
1.512235E+3	-4.619146E-9
1.512255E+3	8.861281E-9
1.512274E+3	8.861281E-9
1.512293E+3	8.861281E-9
1.512312E+3	-4.619146E-9
1.512332E+3	-4.619146E-9
1.512351E+3	-1.809957E-8
1.512370E+3	-1.809957E-8
1.512390E+3	-4.619146E-9
1.512409E+3	-4.619146E-9
1.512428E+3	-1.809957E-8
1.512447E+3	-3.158000E-8
1.512467E+3	3.582214E-8
1.512486E+3	-4.619146E-9
1.512505E+3	8.861281E-9
1.512524E+3	3.582214E-8
1.512544E+3	-1.809957E-8
1.512563E+3	-3.158000E-8
1.512582E+3	3.582214E-8
1.512601E+3	8.861281E-9
1.512621E+3	2.234171E-8
1.512640E+3	8.861281E-9
1.512659E+3	-3.158000E-8
1.512678E+3	-1.809957E-8
1.512698E+3	3.582214E-8
1.512717E+3	8.861281E-9
1.512736E+3	8.861281E-9
1.512755E+3	-1.809957E-8
1.512775E+3	8.861281E-9
1.512794E+3	8.861281E-9
1.512813E+3	8.861281E-9
1.512832E+3	6.278299E-8
1.512852E+3	8.861281E-9
1.512871E+3	3.582214E-8
1.512890E+3	8.861281E-9
1.512909E+3	2.234171E-8
1.512929E+3	8.861281E-9
1.512948E+3	-1.809957E-8
1.512967E+3	2.234171E-8
1.512986E+3	8.861281E-9
1.513006E+3	8.861281E-9
1.513025E+3	8.861281E-9
1.513044E+3	8.861281E-9
1.513063E+3	3.582214E-8
1.513083E+3	-1.809957E-8
1.513102E+3	-4.619146E-9
1.513121E+3	8.861281E-9
1.513140E+3	4.930256E-8
1.513160E+3	8.861281E-9
1.513179E+3	8.861281E-9
1.513198E+3	-1.809957E-8
1.513217E+3	8.861281E-9
1.513237E+3	-1.809957E-8
1.513256E+3	3.582214E-8
1.513275E+3	-4.619146E-9
1.513294E+3	-3.158000E-8
1.513314E+3	2.234171E-8
1.513333E+3	8.861281E-9
1.513352E+3	-3.158000E-8
1.513371E+3	2.234171E-8
1.513391E+3	-4.619146E-9
1.513410E+3	8.861281E-9
1.513429E+3	2.234171E-8
1.513448E+3	8.861281E-9
1.513468E+3	3.582214E-8
1.513487E+3	-4.619146E-9
1.513506E+3	2.234171E-8
1.513525E+3	8.861281E-9
1.513545E+3	-3.158000E-8
1.513564E+3	8.861281E-9
1.513583E+3	-1.809957E-8
1.513602E+3	-4.619146E-9
1.513622E+3	3.582214E-8
1.513641E+3	-4.619146E-9
1.513660E+3	-4.619146E-9
1.513679E+3	8.861281E-9
1.513699E+3	-4.506043E-8
1.513718E+3	3.582214E-8
1.513737E+3	2.234171E-8
1.513756E+3	4.930256E-8
1.513776E+3	3.582214E-8
1.513795E+3	-3.158000E-8
1.513814E+3	4.930256E-8
1.513833E+3	8.861281E-9
1.513853E+3	-1.809957E-8
1.513872E+3	-1.809957E-8
1.513891E+3	-4.619146E-9
1.513910E+3	8.861281E-9
1.513930E+3	8.861281E-9
1.513949E+3	-4.619146E-9
1.513968E+3	-4.619146E-9
1.513988E+3	8.861281E-9
1.514007E+3	-1.809957E-8
1.514026E+3	2.234171E-8
1.514045E+3	-4.619146E-9
1.514065E+3	8.861281E-9
1.514084E+3	8.861281E-9
1.514103E+3	-3.158000E-8
1.514122E+3	-3.158000E-8
1.514142E+3	2.234171E-8
1.514161E+3	8.861281E-9
1.514180E+3	2.234171E-8
1.514199E+3	8.861281E-9
1.514219E+3	4.930256E-8
1.514238E+3	-4.619146E-9
1.514257E+3	8.861281E-9
1.514276E+3	-4.619146E-9
1.514296E+3	-3.158000E-8
1.514315E+3	3.582214E-8
1.514334E+3	8.861281E-9
1.514353E+3	3.582214E-8
1.514373E+3	-1.809957E-8
1.514392E+3	-1.809957E-8
1.514411E+3	8.861281E-9
1.514430E+3	3.582214E-8
1.514450E+3	8.861281E-9
1.514469E+3	-3.158000E-8
1.514488E+3	2.234171E-8
1.514507E+3	-1.809957E-8
1.514527E+3	-4.619146E-9
1.514546E+3	3.582214E-8
1.514565E+3	8.861281E-9
1.514584E+3	3.582214E-8
1.514604E+3	8.861281E-9
1.514623E+3	-1.809957E-8
1.514642E+3	-4.619146E-9
1.514661E+3	2.234171E-8
1.514681E+3	-3.158000E-8
1.514700E+3	-1.809957E-8
1.514719E+3	8.861281E-9
1.514738E+3	8.861281E-9
1.514758E+3	-4.619146E-9
1.514777E+3	-1.809957E-8
1.514796E+3	8.861281E-9
1.514815E+3	3.582214E-8
1.514835E+3	-4.619146E-9
1.514854E+3	-4.619146E-9
1.514873E+3	8.861281E-9
1.514892E+3	-1.809957E-8
1.514912E+3	-4.619146E-9
1.514931E+3	-3.158000E-8
1.514950E+3	-1.809957E-8
1.514969E+3	8.861281E-9
1.514989E+3	8.861281E-9
1.515008E+3	-1.809957E-8
1.515027E+3	8.861281E-9
1.515046E+3	-3.158000E-8
1.515066E+3	-4.619146E-9
1.515085E+3	8.861281E-9
1.515104E+3	2.234171E-8
1.515123E+3	3.582214E-8
1.515143E+3	-1.809957E-8
1.515162E+3	3.582214E-8
1.515181E+3	8.861281E-9
1.515200E+3	8.861281E-9
1.515220E+3	3.582214E-8
1.515239E+3	-4.619146E-9
1.515258E+3	-4.619146E-9
1.515277E+3	2.234171E-8
1.515297E+3	8.861281E-9
1.515316E+3	-1.809957E-8
1.515335E+3	8.861281E-9
1.515354E+3	8.861281E-9
1.515374E+3	-4.619146E-9
1.515393E+3	8.861281E-9
1.515412E+3	8.861281E-9
1.515431E+3	-4.619146E-9
1.515451E+3	-1.809957E-8
1.515470E+3	-1.809957E-8
1.515489E+3	-4.506043E-8
1.515508E+3	4.930256E-8
1.515528E+3	8.861281E-9
1.515547E+3	3.582214E-8
1.515566E+3	3.582214E-8
1.515586E+3	8.861281E-9
1.515605E+3	-3.158000E-8
1.515624E+3	8.861281E-9
1.515643E+3	-3.158000E-8
1.515663E+3	-4.619146E-9
1.515682E+3	2.234171E-8
1.515701E+3	8.861281E-9
1.515720E+3	-1.809957E-8
1.515740E+3	8.861281E-9
1.515759E+3	8.861281E-9
1.515778E+3	8.861281E-9
1.515797E+3	2.234171E-8
1.515817E+3	2.234171E-8
1.515836E+3	3.582214E-8
1.515855E+3	-1.809957E-8
1.515874E+3	-4.506043E-8
1.515894E+3	8.861281E-9
1.515913E+3	8.861281E-9
1.515932E+3	-4.619146E-9
1.515951E+3	-4.619146E-9
1.515971E+3	8.861281E-9
1.515990E+3	-4.506043E-8
1.516009E+3	2.234171E-8
1.516028E+3	-1.809957E-8
1.516048E+3	-4.619146E-9
1.516067E+3	-3.158000E-8
1.516086E+3	-1.809957E-8
1.516105E+3	3.582214E-8
1.516125E+3	8.861281E-9
1.516144E+3	-4.619146E-9
1.516163E+3	8.861281E-9
1.516182E+3	8.861281E-9
1.516202E+3	8.861281E-9
1.516221E+3	2.234171E-8
1.516240E+3	2.234171E-8
1.516259E+3	3.582214E-8
1.516279E+3	3.582214E-8
1.516298E+3	-1.809957E-8
1.516317E+3	-3.158000E-8
1.516336E+3	8.861281E-9
1.516356E+3	4.930256E-8
1.516375E+3	-3.158000E-8
1.516394E+3	8.861281E-9
1.516413E+3	3.582214E-8
1.516433E+3	-3.158000E-8
1.516452E+3	-4.619146E-9
1.516471E+3	2.234171E-8
1.516490E+3	8.861281E-9
1.516510E+3	-1.809957E-8
1.516529E+3	8.861281E-9
1.516548E+3	3.582214E-8
1.516567E+3	3.582214E-8
1.516587E+3	8.861281E-9
1.516606E+3	8.861281E-9
1.516625E+3	2.234171E-8
1.516644E+3	-4.619146E-9
1.516664E+3	-1.809957E-8
1.516683E+3	8.861281E-9
1.516702E+3	-4.619146E-9
1.516721E+3	3.582214E-8
1.516741E+3	8.861281E-9
1.516760E+3	-3.158000E-8
1.516779E+3	2.234171E-8
1.516798E+3	-3.158000E-8
1.516818E+3	-4.619146E-9
1.516837E+3	-4.619146E-9
1.516856E+3	-4.619146E-9
1.516875E+3	8.861281E-9
1.516895E+3	-4.619146E-9
1.516914E+3	8.861281E-9
1.516933E+3	-3.158000E-8
1.516952E+3	3.582214E-8
1.516972E+3	3.582214E-8
1.516991E+3	-4.619146E-9
1.517010E+3	-3.158000E-8
1.517029E+3	8.861281E-9
1.517049E+3	8.861281E-9
1.517068E+3	-3.158000E-8
1.517087E+3	-1.809957E-8
1.517106E+3	-4.619146E-9
1.517126E+3	8.861281E-9
1.517145E+3	-4.619146E-9
1.517164E+3	8.861281E-9
1.517184E+3	8.861281E-9
1.517203E+3	3.582214E-8
1.517222E+3	8.861281E-9
1.517241E+3	8.861281E-9
1.517261E+3	8.861281E-9
1.517280E+3	8.861281E-9
1.517299E+3	-3.158000E-8
1.517318E+3	-4.619146E-9
1.517338E+3	8.861281E-9
1.517357E+3	-3.158000E-8
1.517376E+3	-1.809957E-8
1.517395E+3	8.861281E-9
1.517415E+3	-4.619146E-9
1.517434E+3	8.861281E-9
1.517453E+3	-4.619146E-9
1.517472E+3	2.234171E-8
1.517492E+3	-3.158000E-8
1.517511E+3	-3.158000E-8
1.517530E+3	-4.619146E-9
1.517549E+3	3.582214E-8
1.517569E+3	3.582214E-8
1.517588E+3	3.582214E-8
1.517607E+3	-4.619146E-9
1.517626E+3	3.582214E-8
1.517646E+3	-3.158000E-8
1.517665E+3	8.861281E-9
1.517684E+3	-1.809957E-8
1.517703E+3	-1.809957E-8
1.517723E+3	3.582214E-8
1.517742E+3	-4.506043E-8
1.517761E+3	-4.619146E-9
1.517780E+3	8.861281E-9
1.517800E+3	2.234171E-8
1.517819E+3	8.861281E-9
1.517838E+3	3.582214E-8
1.517857E+3	-4.619146E-9
1.517877E+3	-4.619146E-9
1.517896E+3	3.582214E-8
1.517915E+3	-3.158000E-8
1.517934E+3	8.861281E-9
1.517954E+3	3.582214E-8
1.517973E+3	-4.619146E-9
1.517992E+3	2.234171E-8
1.518011E+3	3.582214E-8
1.518031E+3	-4.619146E-9
1.518050E+3	-4.619146E-9
1.518069E+3	3.582214E-8
1.518088E+3	8.861281E-9
1.518108E+3	-1.809957E-8
1.518127E+3	8.861281E-9
1.518146E+3	-1.809957E-8
1.518165E+3	-1.809957E-8
1.518185E+3	8.861281E-9
1.518204E+3	2.234171E-8
1.518223E+3	-4.619146E-9
1.518242E+3	2.234171E-8
1.518262E+3	8.861281E-9
1.518281E+3	-1.809957E-8
1.518300E+3	3.582214E-8
1.518319E+3	-1.809957E-8
1.518339E+3	-4.619146E-9
1.518358E+3	-4.619146E-9
1.518377E+3	-3.158000E-8
1.518396E+3	-3.158000E-8
1.518416E+3	-4.619146E-9
1.518435E+3	-4.619146E-9
1.518454E+3	-1.809957E-8
1.518473E+3	-4.619146E-9
1.518493E+3	8.861281E-9
1.518512E+3	3.582214E-8
1.518531E+3	-4.506043E-8
1.518550E+3	-4.619146E-9
1.518570E+3	-4.619146E-9
1.518589E+3	-4.506043E-8
1.518608E+3	8.861281E-9
1.518627E+3	-4.619146E-9
1.518647E+3	-4.619146E-9
1.518666E+3	-4.506043E-8
1.518685E+3	8.861281E-9
1.518704E+3	8.861281E-9
1.518724E+3	-4.619146E-9
1.518743E+3	8.861281E-9
1.518762E+3	-1.809957E-8
1.518782E+3	8.861281E-9
1.518801E+3	4.930256E-8
1.518820E+3	8.861281E-9
1.518839E+3	-4.506043E-8
1.518859E+3	3.582214E-8
1.518878E+3	8.861281E-9
1.518897E+3	3.582214E-8
1.518916E+3	-4.506043E-8
1.518936E+3	2.234171E-8
1.518955E+3	-4.619146E-9
1.518974E+3	-3.158000E-8
1.518993E+3	-3.158000E-8
1.519013E+3	8.861281E-9
1.519032E+3	8.861281E-9
1.519051E+3	-4.506043E-8
1.519070E+3	-1.809957E-8
1.519090E+3	8.861281E-9
1.519109E+3	2.234171E-8
1.519128E+3	-4.619146E-9
1.519147E+3	3.582214E-8
1.519167E+3	-4.619146E-9
1.519186E+3	8.861281E-9
1.519205E+3	-1.809957E-8
1.519224E+3	8.861281E-9
1.519244E+3	3.582214E-8
1.519263E+3	2.234171E-8
1.519282E+3	8.861281E-9
1.519301E+3	2.234171E-8
1.519321E+3	3.582214E-8
1.519340E+3	-1.809957E-8
1.519359E+3	2.234171E-8
1.519378E+3	-3.158000E-8
1.519398E+3	-4.619146E-9
1.519417E+3	3.582214E-8
1.519436E+3	8.861281E-9
1.519455E+3	-4.619146E-9
1.519475E+3	3.582214E-8
1.519494E+3	8.861281E-9
1.519513E+3	-3.158000E-8
1.519532E+3	-4.506043E-8
1.519552E+3	-3.158000E-8
1.519571E+3	3.582214E-8
1.519590E+3	-4.619146E-9
1.519609E+3	8.861281E-9
1.519629E+3	-4.619146E-9
1.519648E+3	3.582214E-8
1.519667E+3	-1.809957E-8
1.519686E+3	-1.809957E-8
1.519706E+3	-4.619146E-9
1.519725E+3	-3.158000E-8
1.519744E+3	-3.158000E-8
1.519763E+3	8.861281E-9
1.519783E+3	-4.619146E-9
1.519802E+3	8.861281E-9
1.519821E+3	-4.506043E-8
1.519840E+3	-4.619146E-9
1.519860E+3	-4.619146E-9
1.519879E+3	-4.619146E-9
1.519898E+3	3.582214E-8
1.519917E+3	-4.619146E-9
1.519937E+3	8.861281E-9
1.519956E+3	8.861281E-9
1.519975E+3	3.582214E-8
1.519994E+3	-4.619146E-9
1.520014E+3	-4.619146E-9
1.520033E+3	-3.158000E-8
1.520052E+3	-1.809957E-8
1.520071E+3	3.582214E-8
1.520091E+3	-3.158000E-8
1.520110E+3	8.861281E-9
1.520129E+3	8.861281E-9
1.520148E+3	8.861281E-9
1.520168E+3	2.234171E-8
1.520187E+3	8.861281E-9
1.520206E+3	-3.158000E-8
1.520225E+3	-3.158000E-8
1.520245E+3	-4.506043E-8
1.520264E+3	8.861281E-9
1.520283E+3	-3.158000E-8
1.520302E+3	-4.619146E-9
1.520322E+3	-1.809957E-8
1.520341E+3	-1.809957E-8
1.520360E+3	-4.619146E-9
1.520380E+3	8.861281E-9
1.520399E+3	8.861281E-9
1.520418E+3	-1.809957E-8
1.520437E+3	-4.619146E-9
1.520457E+3	8.861281E-9
1.520476E+3	8.861281E-9
1.520495E+3	-3.158000E-8
1.520514E+3	3.582214E-8
1.520534E+3	8.861281E-9
1.520553E+3	3.582214E-8
1.520572E+3	-4.619146E-9
1.520591E+3	3.582214E-8
1.520611E+3	2.234171E-8
1.520630E+3	3.582214E-8
1.520649E+3	-4.619146E-9
1.520668E+3	-4.619146E-9
1.520688E+3	3.582214E-8
1.520707E+3	2.234171E-8
1.520726E+3	3.582214E-8
1.520745E+3	3.582214E-8
1.520765E+3	8.861281E-9
1.520784E+3	-1.809957E-8
1.520803E+3	-1.809957E-8
1.520822E+3	3.582214E-8
1.520842E+3	3.582214E-8
1.520861E+3	-4.619146E-9
1.520880E+3	2.234171E-8
1.520899E+3	-4.619146E-9
1.520919E+3	3.582214E-8
1.520938E+3	-3.158000E-8
1.520957E+3	3.582214E-8
1.520976E+3	3.582214E-8
1.520996E+3	2.234171E-8
1.521015E+3	3.582214E-8
1.521034E+3	-1.809957E-8
1.521053E+3	-3.158000E-8
1.521073E+3	-3.158000E-8
1.521092E+3	3.582214E-8
1.521111E+3	-1.809957E-8
1.521130E+3	-4.506043E-8
1.521150E+3	8.861281E-9
1.521169E+3	-4.619146E-9
1.521188E+3	8.861281E-9
1.521207E+3	-1.809957E-8
1.521227E+3	8.861281E-9
1.521246E+3	-4.619146E-9
1.521265E+3	8.861281E-9
1.521284E+3	-4.619146E-9
1.521304E+3	-1.809957E-8
1.521323E+3	8.861281E-9
1.521342E+3	8.861281E-9
1.521361E+3	8.861281E-9
1.521381E+3	8.861281E-9
1.521400E+3	-4.619146E-9
1.521419E+3	-3.158000E-8
1.521438E+3	-4.619146E-9
1.521458E+3	3.582214E-8
1.521477E+3	-4.506043E-8
1.521496E+3	-4.619146E-9
1.521515E+3	-1.809957E-8
1.521535E+3	4.930256E-8
1.521554E+3	8.861281E-9
1.521573E+3	-1.809957E-8
1.521592E+3	3.582214E-8
1.521612E+3	8.861281E-9
1.521631E+3	2.234171E-8
1.521650E+3	3.582214E-8
1.521669E+3	-4.619146E-9
1.521689E+3	-3.158000E-8
1.521708E+3	-1.809957E-8
1.521727E+3	-4.619146E-9
1.521746E+3	2.234171E-8
1.521766E+3	-4.619146E-9
1.521785E+3	3.582214E-8
1.521804E+3	-3.158000E-8
1.521823E+3	-3.158000E-8
1.521843E+3	8.861281E-9
1.521862E+3	3.582214E-8
1.521881E+3	2.234171E-8
1.521900E+3	2.234171E-8
1.521920E+3	-1.809957E-8
1.521939E+3	2.234171E-8
1.521958E+3	2.234171E-8
1.521978E+3	-4.619146E-9
1.521997E+3	-4.619146E-9
1.522016E+3	8.861281E-9
1.522035E+3	8.861281E-9
1.522055E+3	-3.158000E-8
1.522074E+3	8.861281E-9
1.522093E+3	8.861281E-9
1.522112E+3	2.234171E-8
1.522132E+3	4.930256E-8
1.522151E+3	3.582214E-8
1.522170E+3	8.861281E-9
1.522189E+3	-3.158000E-8
1.522209E+3	8.861281E-9
1.522228E+3	3.582214E-8
1.522247E+3	2.234171E-8
1.522266E+3	-1.809957E-8
1.522286E+3	2.234171E-8
1.522305E+3	2.234171E-8
1.522324E+3	2.234171E-8
1.522343E+3	-3.158000E-8
1.522363E+3	-3.158000E-8
1.522382E+3	2.234171E-8
1.522401E+3	-4.619146E-9
1.522420E+3	-4.506043E-8
1.522440E+3	-3.158000E-8
1.522459E+3	-4.619146E-9
1.522478E+3	8.861281E-9
1.522497E+3	-3.158000E-8
1.522517E+3	-4.619146E-9
1.522536E+3	-1.809957E-8
1.522555E+3	8.861281E-9
1.522574E+3	-4.506043E-8
1.522594E+3	8.861281E-9
1.522613E+3	8.861281E-9
1.522632E+3	3.582214E-8
1.522651E+3	3.582214E-8
1.522671E+3	-4.619146E-9
1.522690E+3	-4.619146E-9
1.522709E+3	-3.158000E-8
1.522728E+3	-1.809957E-8
1.522748E+3	8.861281E-9
1.522767E+3	-4.619146E-9
1.522786E+3	-1.809957E-8
1.522805E+3	-3.158000E-8
1.522825E+3	-3.158000E-8
1.522844E+3	-1.809957E-8
1.522863E+3	-1.809957E-8
1.522882E+3	3.582214E-8
1.522902E+3	8.861281E-9
1.522921E+3	-1.809957E-8
1.522940E+3	2.234171E-8
1.522959E+3	8.861281E-9
1.522979E+3	-1.809957E-8
1.522998E+3	8.861281E-9
1.523017E+3	8.861281E-9
1.523036E+3	8.861281E-9
1.523056E+3	-1.809957E-8
1.523075E+3	8.861281E-9
1.523094E+3	8.861281E-9
1.523113E+3	-4.619146E-9
1.523133E+3	8.861281E-9
1.523152E+3	-1.809957E-8
1.523171E+3	-3.158000E-8
1.523190E+3	2.234171E-8
1.523210E+3	-3.158000E-8
1.523229E+3	-1.809957E-8
1.523248E+3	8.861281E-9
1.523267E+3	-3.158000E-8
1.523287E+3	3.582214E-8
1.523306E+3	-1.809957E-8
1.523325E+3	-4.619146E-9
1.523344E+3	2.234171E-8
1.523364E+3	3.582214E-8
1.523383E+3	8.861281E-9
1.523402E+3	-4.619146E-9
1.523421E+3	3.582214E-8
1.523441E+3	8.861281E-9
1.523460E+3	8.861281E-9
1.523479E+3	8.861281E-9
1.523498E+3	-4.619146E-9
1.523518E+3	-4.619146E-9
1.523537E+3	-4.619146E-9
1.523556E+3	-3.158000E-8
1.523575E+3	2.234171E-8
1.523595E+3	-1.809957E-8
1.523614E+3	8.861281E-9
1.523633E+3	-3.158000E-8
1.523653E+3	2.234171E-8
1.523672E+3	-1.809957E-8
1.523691E+3	-1.809957E-8
1.523710E+3	-4.619146E-9
1.523730E+3	-4.619146E-9
1.523749E+3	8.861281E-9
1.523768E+3	3.582214E-8
1.523787E+3	2.234171E-8
1.523807E+3	-4.619146E-9
1.523826E+3	-3.158000E-8
1.523845E+3	8.861281E-9
1.523864E+3	-1.809957E-8
1.523884E+3	-3.158000E-8
1.523903E+3	4.930256E-8
1.523922E+3	-3.158000E-8
1.523941E+3	-1.809957E-8
1.523961E+3	-4.619146E-9
1.523980E+3	8.861281E-9
1.523999E+3	3.582214E-8
1.524018E+3	8.861281E-9
1.524038E+3	-3.158000E-8
1.524057E+3	-3.158000E-8
1.524076E+3	-1.809957E-8
1.524095E+3	-1.809957E-8
1.524115E+3	8.861281E-9
1.524134E+3	8.861281E-9
1.524153E+3	-4.619146E-9
1.524172E+3	-1.809957E-8
1.524192E+3	3.582214E-8
1.524211E+3	-4.619146E-9
1.524230E+3	-3.158000E-8
1.524249E+3	4.930256E-8
1.524269E+3	-4.619146E-9
1.524288E+3	-1.809957E-8
1.524307E+3	-4.619146E-9
1.524326E+3	3.582214E-8
1.524346E+3	-4.619146E-9
1.524365E+3	8.861281E-9
1.524384E+3	-3.158000E-8
1.524403E+3	-4.619146E-9
1.524423E+3	8.861281E-9
1.524442E+3	-1.809957E-8
1.524461E+3	8.861281E-9
1.524480E+3	3.582214E-8
1.524500E+3	-3.158000E-8
1.524519E+3	-3.158000E-8
1.524538E+3	-1.809957E-8
1.524557E+3	-4.506043E-8
1.524577E+3	-4.619146E-9
1.524596E+3	2.234171E-8
1.524615E+3	-4.619146E-9
1.524634E+3	-1.809957E-8
1.524654E+3	8.861281E-9
1.524673E+3	-3.158000E-8
1.524692E+3	8.861281E-9
1.524711E+3	-1.809957E-8
1.524731E+3	-3.158000E-8
1.524750E+3	2.234171E-8
1.524769E+3	-1.809957E-8
1.524788E+3	-3.158000E-8
1.524808E+3	-1.809957E-8
1.524827E+3	8.861281E-9
1.524846E+3	-3.158000E-8
1.524865E+3	-1.809957E-8
1.524885E+3	8.861281E-9
1.524904E+3	-3.158000E-8
1.524923E+3	-3.158000E-8
1.524942E+3	-4.619146E-9
1.524962E+3	2.234171E-8
1.524981E+3	3.582214E-8
