1.475000E+3	8.861281E-9
1.475020E+3	2.234171E-8
1.475039E+3	-4.619146E-9
1.475058E+3	-3.158000E-8
1.475077E+3	3.582214E-8
1.475097E+3	-4.619146E-9
1.475116E+3	8.861281E-9
1.475135E+3	-4.619146E-9
1.475154E+3	2.234171E-8
1.475174E+3	-1.809957E-8
1.475193E+3	8.861281E-9
1.475212E+3	3.582214E-8
1.475231E+3	8.861281E-9
1.475251E+3	-1.809957E-8
1.475270E+3	8.861281E-9
1.475289E+3	-4.619146E-9
1.475308E+3	-1.809957E-8
1.475328E+3	-4.619146E-9
1.475347E+3	-4.619146E-9
1.475366E+3	8.861281E-9
1.475385E+3	-4.619146E-9
1.475405E+3	-1.809957E-8
1.475424E+3	-4.506043E-8
1.475443E+3	-3.158000E-8
1.475462E+3	8.861281E-9
1.475482E+3	8.861281E-9
1.475501E+3	4.930256E-8
1.475520E+3	8.861281E-9
1.475539E+3	2.234171E-8
1.475559E+3	-3.158000E-8
1.475578E+3	-1.809957E-8
1.475597E+3	8.861281E-9
1.475616E+3	8.861281E-9
1.475636E+3	3.582214E-8
1.475655E+3	3.582214E-8
1.475674E+3	-1.809957E-8
1.475694E+3	3.582214E-8
1.475713E+3	-3.158000E-8
1.475732E+3	2.234171E-8
1.475751E+3	3.582214E-8
1.475771E+3	3.582214E-8
1.475790E+3	2.234171E-8
1.475809E+3	-3.158000E-8
1.475828E+3	-3.158000E-8
1.475848E+3	-1.809957E-8
1.475867E+3	8.861281E-9
1.475886E+3	-3.158000E-8
1.475905E+3	-3.158000E-8
1.475925E+3	-3.158000E-8
1.475944E+3	2.234171E-8
1.475963E+3	2.234171E-8
1.475982E+3	-3.158000E-8
1.476002E+3	-3.158000E-8
1.476021E+3	4.930256E-8
1.476040E+3	-4.619146E-9
1.476059E+3	8.861281E-9
1.476079E+3	2.234171E-8
1.476098E+3	2.234171E-8
1.476117E+3	3.582214E-8
1.476136E+3	-4.506043E-8
1.476156E+3	2.234171E-8
1.476175E+3	-1.809957E-8
1.476194E+3	-4.619146E-9
1.476213E+3	-4.506043E-8
1.476233E+3	2.234171E-8
1.476252E+3	3.582214E-8
1.476271E+3	3.582214E-8
1.476290E+3	3.582214E-8
1.476310E+3	2.234171E-8
1.476329E+3	2.234171E-8
1.476348E+3	-3.158000E-8
1.476367E+3	-1.809957E-8
1.476387E+3	-3.158000E-8
1.476406E+3	-4.619146E-9
1.476425E+3	8.861281E-9
1.476444E+3	3.582214E-8
1.476464E+3	-3.158000E-8
1.476483E+3	8.861281E-9
1.476502E+3	8.861281E-9
1.476521E+3	3.582214E-8
1.476541E+3	-4.619146E-9
1.476560E+3	8.861281E-9
1.476579E+3	-4.619146E-9
1.476598E+3	-4.619146E-9
1.476618E+3	2.234171E-8
1.476637E+3	-3.158000E-8
1.476656E+3	-4.619146E-9
1.476675E+3	-4.619146E-9
1.476695E+3	-4.619146E-9
1.476714E+3	-4.506043E-8
1.476733E+3	3.582214E-8
1.476752E+3	-3.158000E-8
1.476772E+3	-4.619146E-9
1.476791E+3	-4.619146E-9
1.476810E+3	8.861281E-9
1.476829E+3	-4.619146E-9
1.476849E+3	-1.809957E-8
1.476868E+3	8.861281E-9
1.476887E+3	8.861281E-9
1.476906E+3	-3.158000E-8
1.476926E+3	3.582214E-8
1.476945E+3	-1.809957E-8
1.476964E+3	2.234171E-8
1.476984E+3	8.861281E-9
1.477003E+3	8.861281E-9
1.477022E+3	-4.506043E-8
1.477041E+3	-4.619146E-9
1.477061E+3	-3.158000E-8
1.477080E+3	-4.619146E-9
1.477099E+3	8.861281E-9
1.477118E+3	-4.619146E-9
1.477138E+3	3.582214E-8
1.477157E+3	-4.619146E-9
1.477176E+3	-4.619146E-9
1.477195E+3	8.861281E-9
1.477215E+3	3.582214E-8
1.477234E+3	8.861281E-9
1.477253E+3	8.861281E-9
1.477272E+3	-4.619146E-9
1.477292E+3	-3.158000E-8
1.477311E+3	8.861281E-9
1.477330E+3	-4.619146E-9
1.477349E+3	-4.619146E-9
1.477369E+3	8.861281E-9
1.477388E+3	-1.809957E-8
1.477407E+3	-3.158000E-8
1.477426E+3	-4.619146E-9
1.477446E+3	2.234171E-8
1.477465E+3	2.234171E-8
1.477484E+3	-3.158000E-8
1.477503E+3	-3.158000E-8
1.477523E+3	-4.619146E-9
1.477542E+3	-4.619146E-9
1.477561E+3	-4.619146E-9
1.477580E+3	3.582214E-8
1.477600E+3	2.234171E-8
1.477619E+3	2.234171E-8
1.477638E+3	8.861281E-9
1.477657E+3	8.861281E-9
1.477677E+3	8.861281E-9
1.477696E+3	-4.619146E-9
1.477715E+3	2.234171E-8
1.477734E+3	-4.619146E-9
1.477754E+3	2.234171E-8
1.477773E+3	8.861281E-9
1.477792E+3	-4.619146E-9
1.477811E+3	3.582214E-8
1.477831E+3	8.861281E-9
1.477850E+3	-4.619146E-9
1.477869E+3	2.234171E-8
1.477888E+3	3.582214E-8
1.477908E+3	8.861281E-9
1.477927E+3	3.582214E-8
1.477946E+3	-3.158000E-8
1.477965E+3	-4.619146E-9
1.477985E+3	-3.158000E-8
1.478004E+3	8.861281E-9
1.478023E+3	-1.809957E-8
1.478042E+3	-4.619146E-9
1.478062E+3	-3.158000E-8
1.478081E+3	3.582214E-8
1.478100E+3	8.861281E-9
1.478119E+3	-1.809957E-8
1.478139E+3	8.861281E-9
1.478158E+3	-4.506043E-8
1.478177E+3	3.582214E-8
1.478196E+3	2.234171E-8
1.478216E+3	8.861281E-9
1.478235E+3	-4.619146E-9
1.478254E+3	3.582214E-8
1.478274E+3	2.234171E-8
1.478293E+3	3.582214E-8
1.478312E+3	-4.619146E-9
1.478331E+3	-1.809957E-8
1.478351E+3	-3.158000E-8
1.478370E+3	-3.158000E-8
1.478389E+3	8.861281E-9
1.478408E+3	3.582214E-8
1.478428E+3	8.861281E-9
1.478447E+3	8.861281E-9
1.478466E+3	8.861281E-9
1.478485E+3	3.582214E-8
1.478505E+3	8.861281E-9
1.478524E+3	-1.809957E-8
1.478543E+3	-3.158000E-8
1.478562E+3	-4.619146E-9
1.478582E+3	8.861281E-9
1.478601E+3	-1.809957E-8
1.478620E+3	8.861281E-9
1.478639E+3	3.582214E-8
1.478659E+3	-1.809957E-8
1.478678E+3	3.582214E-8
1.478697E+3	8.861281E-9
1.478716E+3	8.861281E-9
1.478736E+3	8.861281E-9
1.478755E+3	-1.809957E-8
1.478774E+3	2.234171E-8
1.478793E+3	-4.619146E-9
1.478813E+3	8.861281E-9
1.478832E+3	8.861281E-9
1.478851E+3	-4.619146E-9
1.478870E+3	-4.619146E-9
1.478890E+3	8.861281E-9
1.478909E+3	-3.158000E-8
1.478928E+3	-3.158000E-8
1.478947E+3	8.861281E-9
1.478967E+3	8.861281E-9
1.478986E+3	8.861281E-9
1.479005E+3	8.861281E-9
1.479024E+3	3.582214E-8
1.479044E+3	-4.619146E-9
1.479063E+3	3.582214E-8
1.479082E+3	3.582214E-8
1.479101E+3	3.582214E-8
1.479121E+3	-4.506043E-8
1.479140E+3	2.234171E-8
1.479159E+3	-3.158000E-8
1.479178E+3	-3.158000E-8
1.479198E+3	3.582214E-8
1.479217E+3	8.861281E-9
1.479236E+3	-1.809957E-8
1.479255E+3	8.861281E-9
1.479275E+3	-3.158000E-8
1.479294E+3	3.582214E-8
1.479313E+3	3.582214E-8
1.479332E+3	-4.619146E-9
1.479352E+3	2.234171E-8
1.479371E+3	8.861281E-9
1.479390E+3	8.861281E-9
1.479409E+3	8.861281E-9
1.479429E+3	-4.619146E-9
1.479448E+3	8.861281E-9
1.479467E+3	-4.619146E-9
1.479486E+3	2.234171E-8
1.479506E+3	3.582214E-8
1.479525E+3	-3.158000E-8
1.479544E+3	-3.158000E-8
1.479564E+3	-3.158000E-8
1.479583E+3	-3.158000E-8
1.479602E+3	2.234171E-8
1.479621E+3	3.582214E-8
1.479641E+3	-3.158000E-8
1.479660E+3	-4.619146E-9
1.479679E+3	8.861281E-9
1.479698E+3	3.582214E-8
1.479718E+3	3.582214E-8
1.479737E+3	-1.809957E-8
1.479756E+3	-4.619146E-9
1.479775E+3	8.861281E-9
1.479795E+3	-4.506043E-8
1.479814E+3	8.861281E-9
1.479833E+3	8.861281E-9
1.479852E+3	-1.809957E-8
1.479872E+3	8.861281E-9
1.479891E+3	-4.619146E-9
1.479910E+3	8.861281E-9
1.479929E+3	4.930256E-8
1.479949E+3	-4.619146E-9
1.479968E+3	-4.619146E-9
1.479987E+3	-1.809957E-8
1.480006E+3	8.861281E-9
1.480026E+3	3.582214E-8
1.480045E+3	3.582214E-8
1.480064E+3	3.582214E-8
1.480083E+3	-3.158000E-8
1.480103E+3	-1.809957E-8
1.480122E+3	8.861281E-9
1.480141E+3	-4.619146E-9
1.480160E+3	8.861281E-9
1.480180E+3	3.582214E-8
1.480199E+3	2.234171E-8
1.480218E+3	-4.619146E-9
1.480237E+3	8.861281E-9
1.480257E+3	3.582214E-8
1.480276E+3	-4.619146E-9
1.480295E+3	-3.158000E-8
1.480314E+3	-4.619146E-9
1.480334E+3	2.234171E-8
1.480353E+3	8.861281E-9
1.480372E+3	8.861281E-9
1.480391E+3	-4.619146E-9
1.480411E+3	2.234171E-8
1.480430E+3	8.861281E-9
1.480449E+3	3.582214E-8
1.480468E+3	-3.158000E-8
1.480488E+3	8.861281E-9
1.480507E+3	-1.809957E-8
1.480526E+3	-1.809957E-8
1.480545E+3	-1.809957E-8
1.480565E+3	8.861281E-9
1.480584E+3	3.582214E-8
1.480603E+3	8.861281E-9
1.480622E+3	-4.619146E-9
1.480642E+3	2.234171E-8
1.480661E+3	8.861281E-9
1.480680E+3	8.861281E-9
1.480699E+3	8.861281E-9
1.480719E+3	8.861281E-9
1.480738E+3	3.582214E-8
1.480757E+3	8.861281E-9
1.480776E+3	2.234171E-8
1.480796E+3	-3.158000E-8
1.480815E+3	3.582214E-8
1.480834E+3	-4.619146E-9
1.480854E+3	3.582214E-8
1.480873E+3	3.582214E-8
1.480892E+3	-1.809957E-8
1.480911E+3	8.861281E-9
1.480931E+3	2.234171E-8
1.480950E+3	-4.619146E-9
1.480969E+3	-4.619146E-9
1.480988E+3	-3.158000E-8
1.481008E+3	-4.619146E-9
1.481027E+3	-4.619146E-9
1.481046E+3	-1.809957E-8
1.481065E+3	-1.809957E-8
1.481085E+3	3.582214E-8
1.481104E+3	-4.619146E-9
1.481123E+3	-4.619146E-9
1.481142E+3	-3.158000E-8
1.481162E+3	-1.809957E-8
1.481181E+3	8.861281E-9
1.481200E+3	8.861281E-9
1.481219E+3	-4.619146E-9
1.481239E+3	-1.809957E-8
1.481258E+3	-4.506043E-8
1.481277E+3	3.582214E-8
1.481296E+3	-4.619146E-9
1.481316E+3	-4.619146E-9
1.481335E+3	8.861281E-9
1.481354E+3	8.861281E-9
1.481373E+3	-3.158000E-8
1.481393E+3	-4.619146E-9
1.481412E+3	3.582214E-8
1.481431E+3	-4.506043E-8
1.481450E+3	8.861281E-9
1.481470E+3	2.234171E-8
1.481489E+3	-3.158000E-8
1.481508E+3	3.582214E-8
1.481527E+3	8.861281E-9
1.481547E+3	-3.158000E-8
1.481566E+3	3.582214E-8
1.481585E+3	-3.158000E-8
1.481604E+3	3.582214E-8
1.481624E+3	2.234171E-8
1.481643E+3	-4.619146E-9
1.481662E+3	-1.809957E-8
1.481681E+3	-3.158000E-8
1.481701E+3	-4.619146E-9
1.481720E+3	8.861281E-9
1.481739E+3	8.861281E-9
1.481758E+3	8.861281E-9
1.481778E+3	8.861281E-9
1.481797E+3	8.861281E-9
1.481816E+3	2.234171E-8
1.481835E+3	-3.158000E-8
1.481855E+3	8.861281E-9
1.481874E+3	-4.619146E-9
1.481893E+3	-3.158000E-8
1.481912E+3	-1.809957E-8
1.481932E+3	2.234171E-8
1.481951E+3	-3.158000E-8
1.481970E+3	-3.158000E-8
1.481989E+3	-1.809957E-8
1.482009E+3	4.930256E-8
1.482028E+3	3.582214E-8
1.482047E+3	-1.809957E-8
1.482066E+3	2.234171E-8
1.482086E+3	8.861281E-9
1.482105E+3	-3.158000E-8
1.482124E+3	8.861281E-9
1.482144E+3	8.861281E-9
1.482163E+3	8.861281E-9
1.482182E+3	-4.619146E-9
1.482201E+3	-4.619146E-9
1.482221E+3	3.582214E-8
1.482240E+3	8.861281E-9
1.482259E+3	-4.619146E-9
1.482278E+3	8.861281E-9
1.482298E+3	8.861281E-9
1.482317E+3	2.234171E-8
1.482336E+3	-4.619146E-9
1.482355E+3	-1.809957E-8
1.482375E+3	8.861281E-9
1.482394E+3	-4.619146E-9
1.482413E+3	-1.809957E-8
1.482432E+3	-4.619146E-9
1.482452E+3	-1.809957E-8
1.482471E+3	-4.619146E-9
1.482490E+3	3.582214E-8
1.482509E+3	8.861281E-9
1.482529E+3	-3.158000E-8
1.482548E+3	8.861281E-9
1.482567E+3	8.861281E-9
1.482586E+3	3.582214E-8
1.482606E+3	-4.619146E-9
1.482625E+3	-4.619146E-9
1.482644E+3	-4.619146E-9
1.482663E+3	-3.158000E-8
1.482683E+3	8.861281E-9
1.482702E+3	-4.506043E-8
1.482721E+3	-3.158000E-8
1.482740E+3	-3.158000E-8
1.482760E+3	8.861281E-9
1.482779E+3	-1.809957E-8
1.482798E+3	-4.619146E-9
1.482817E+3	3.582214E-8
1.482837E+3	-4.619146E-9
1.482856E+3	8.861281E-9
1.482875E+3	-4.619146E-9
1.482894E+3	3.582214E-8
1.482914E+3	2.234171E-8
1.482933E+3	-3.158000E-8
1.482952E+3	8.861281E-9
1.482971E+3	-4.619146E-9
1.482991E+3	8.861281E-9
1.483010E+3	8.861281E-9
1.483029E+3	8.861281E-9
1.483048E+3	8.861281E-9
1.483068E+3	-3.158000E-8
1.483087E+3	-1.809957E-8
1.483106E+3	8.861281E-9
1.483125E+3	3.582214E-8
1.483145E+3	8.861281E-9
1.483164E+3	3.582214E-8
1.483183E+3	-4.619146E-9
1.483202E+3	-4.619146E-9
1.483222E+3	8.861281E-9
1.483241E+3	-4.619146E-9
1.483260E+3	-4.506043E-8
1.483279E+3	8.861281E-9
1.483299E+3	-4.506043E-8
1.483318E+3	-4.619146E-9
1.483337E+3	-4.619146E-9
1.483357E+3	-1.809957E-8
1.483376E+3	-4.619146E-9
1.483395E+3	8.861281E-9
1.483414E+3	-1.809957E-8
1.483434E+3	2.234171E-8
1.483453E+3	8.861281E-9
1.483472E+3	-4.619146E-9
1.483491E+3	8.861281E-9
1.483511E+3	8.861281E-9
1.483530E+3	3.582214E-8
1.483549E+3	-4.619146E-9
1.483568E+3	-3.158000E-8
1.483588E+3	2.234171E-8
1.483607E+3	8.861281E-9
1.483626E+3	-4.619146E-9
1.483645E+3	8.861281E-9
1.483665E+3	8.861281E-9
1.483684E+3	2.234171E-8
1.483703E+3	-3.158000E-8
1.483722E+3	-1.809957E-8
1.483742E+3	2.234171E-8
1.483761E+3	-4.619146E-9
1.483780E+3	-4.619146E-9
1.483799E+3	-4.619146E-9
1.483819E+3	-4.619146E-9
1.483838E+3	8.861281E-9
1.483857E+3	-4.619146E-9
1.483876E+3	8.861281E-9
1.483896E+3	-3.158000E-8
1.483915E+3	3.582214E-8
1.483934E+3	-1.809957E-8
1.483953E+3	3.582214E-8
1.483973E+3	8.861281E-9
1.483992E+3	8.861281E-9
1.484011E+3	2.234171E-8
1.484030E+3	8.861281E-9
1.484050E+3	2.234171E-8
1.484069E+3	8.861281E-9
1.484088E+3	-1.809957E-8
1.484107E+3	2.234171E-8
1.484127E+3	8.861281E-9
1.484146E+3	-1.809957E-8
1.484165E+3	3.582214E-8
1.484184E+3	-4.619146E-9
1.484204E+3	-1.809957E-8
1.484223E+3	2.234171E-8
1.484242E+3	8.861281E-9
1.484261E+3	8.861281E-9
1.484281E+3	-1.809957E-8
1.484300E+3	2.234171E-8
1.484319E+3	-3.158000E-8
1.484338E+3	3.582214E-8
1.484358E+3	-3.158000E-8
1.484377E+3	8.861281E-9
1.484396E+3	3.582214E-8
1.484415E+3	4.930256E-8
1.484435E+3	3.582214E-8
1.484454E+3	3.582214E-8
1.484473E+3	2.234171E-8
1.484492E+3	3.582214E-8
1.484512E+3	4.930256E-8
1.484531E+3	3.582214E-8
1.484550E+3	-4.619146E-9
1.484569E+3	2.234171E-8
1.484589E+3	8.861281E-9
1.484608E+3	-4.619146E-9
1.484627E+3	3.582214E-8
1.484647E+3	3.582214E-8
1.484666E+3	-4.619146E-9
1.484685E+3	8.861281E-9
1.484704E+3	-4.506043E-8
1.484724E+3	-3.158000E-8
1.484743E+3	2.234171E-8
1.484762E+3	-4.619146E-9
1.484781E+3	-4.619146E-9
1.484801E+3	8.861281E-9
1.484820E+3	-4.619146E-9
1.484839E+3	8.861281E-9
1.484858E+3	3.582214E-8
1.484878E+3	2.234171E-8
1.484897E+3	2.234171E-8
1.484916E+3	8.861281E-9
1.484935E+3	-1.809957E-8
1.484955E+3	8.861281E-9
1.484974E+3	2.234171E-8
1.484993E+3	8.861281E-9
1.485012E+3	2.234171E-8
1.485032E+3	-4.619146E-9
1.485051E+3	8.861281E-9
1.485070E+3	3.582214E-8
1.485089E+3	8.861281E-9
1.485109E+3	2.234171E-8
1.485128E+3	8.861281E-9
1.485147E+3	-4.619146E-9
1.485166E+3	-4.619146E-9
1.485186E+3	8.861281E-9
1.485205E+3	2.234171E-8
1.485224E+3	-4.619146E-9
1.485243E+3	-1.809957E-8
1.485263E+3	-3.158000E-8
1.485282E+3	3.582214E-8
1.485301E+3	-1.809957E-8
1.485320E+3	3.582214E-8
1.485340E+3	8.861281E-9
1.485359E+3	-1.809957E-8
1.485378E+3	8.861281E-9
1.485397E+3	3.582214E-8
1.485417E+3	3.582214E-8
1.485436E+3	8.861281E-9
1.485455E+3	-4.619146E-9
1.485474E+3	8.861281E-9
1.485494E+3	8.861281E-9
1.485513E+3	8.861281E-9
1.485532E+3	-4.619146E-9
1.485551E+3	-4.619146E-9
1.485571E+3	2.234171E-8
1.485590E+3	-4.619146E-9
1.485609E+3	8.861281E-9
1.485628E+3	3.582214E-8
1.485648E+3	-4.619146E-9
1.485667E+3	8.861281E-9
1.485686E+3	8.861281E-9
1.485705E+3	-4.619146E-9
1.485725E+3	8.861281E-9
1.485744E+3	-3.158000E-8
1.485763E+3	-4.619146E-9
1.485782E+3	-4.619146E-9
1.485802E+3	8.861281E-9
1.485821E+3	8.861281E-9
1.485840E+3	8.861281E-9
1.485859E+3	-4.619146E-9
1.485879E+3	3.582214E-8
1.485898E+3	-1.809957E-8
1.485917E+3	-4.619146E-9
1.485937E+3	-1.809957E-8
1.485956E+3	8.861281E-9
1.485975E+3	3.582214E-8
1.485994E+3	3.582214E-8
1.486014E+3	-4.506043E-8
1.486033E+3	8.861281E-9
1.486052E+3	8.861281E-9
1.486071E+3	-4.506043E-8
1.486091E+3	8.861281E-9
1.486110E+3	2.234171E-8
1.486129E+3	-4.619146E-9
1.486148E+3	-4.619146E-9
1.486168E+3	-1.809957E-8
1.486187E+3	3.582214E-8
1.486206E+3	8.861281E-9
1.486225E+3	-4.619146E-9
1.486245E+3	-4.619146E-9
1.486264E+3	8.861281E-9
1.486283E+3	-4.619146E-9
1.486302E+3	-4.506043E-8
1.486322E+3	-3.158000E-8
1.486341E+3	-3.158000E-8
1.486360E+3	8.861281E-9
1.486379E+3	3.582214E-8
1.486399E+3	-4.619146E-9
1.486418E+3	8.861281E-9
1.486437E+3	8.861281E-9
1.486456E+3	8.861281E-9
1.486476E+3	2.234171E-8
1.486495E+3	3.582214E-8
1.486514E+3	8.861281E-9
1.486533E+3	-1.809957E-8
1.486553E+3	8.861281E-9
1.486572E+3	2.234171E-8
1.486591E+3	-4.506043E-8
1.486610E+3	2.234171E-8
1.486630E+3	8.861281E-9
1.486649E+3	8.861281E-9
1.486668E+3	-4.619146E-9
1.486687E+3	-3.158000E-8
1.486707E+3	3.582214E-8
1.486726E+3	8.861281E-9
1.486745E+3	-3.158000E-8
1.486764E+3	8.861281E-9
1.486784E+3	-4.619146E-9
1.486803E+3	8.861281E-9
1.486822E+3	3.582214E-8
1.486841E+3	2.234171E-8
1.486861E+3	2.234171E-8
1.486880E+3	-4.619146E-9
1.486899E+3	-4.619146E-9
1.486918E+3	-3.158000E-8
1.486938E+3	3.582214E-8
1.486957E+3	8.861281E-9
1.486976E+3	-3.158000E-8
1.486995E+3	8.861281E-9
1.487015E+3	-3.158000E-8
1.487034E+3	-4.619146E-9
1.487053E+3	-4.619146E-9
1.487072E+3	-1.809957E-8
1.487092E+3	-4.619146E-9
1.487111E+3	-4.619146E-9
1.487130E+3	8.861281E-9
1.487149E+3	2.234171E-8
1.487169E+3	8.861281E-9
1.487188E+3	3.582214E-8
1.487207E+3	-4.619146E-9
1.487227E+3	8.861281E-9
1.487246E+3	2.234171E-8
1.487265E+3	-4.619146E-9
1.487284E+3	8.861281E-9
1.487304E+3	3.582214E-8
1.487323E+3	-4.506043E-8
1.487342E+3	8.861281E-9
1.487361E+3	-3.158000E-8
1.487381E+3	-4.619146E-9
1.487400E+3	8.861281E-9
1.487419E+3	-3.158000E-8
1.487438E+3	2.234171E-8
1.487458E+3	-3.158000E-8
1.487477E+3	-1.809957E-8
1.487496E+3	3.582214E-8
1.487515E+3	-4.619146E-9
1.487535E+3	8.861281E-9
1.487554E+3	-1.809957E-8
1.487573E+3	3.582214E-8
1.487592E+3	8.861281E-9
1.487612E+3	-3.158000E-8
1.487631E+3	8.861281E-9
1.487650E+3	3.582214E-8
1.487669E+3	3.582214E-8
1.487689E+3	3.582214E-8
1.487708E+3	3.582214E-8
1.487727E+3	-3.158000E-8
1.487746E+3	-4.619146E-9
1.487766E+3	3.582214E-8
1.487785E+3	3.582214E-8
1.487804E+3	8.861281E-9
1.487823E+3	8.861281E-9
1.487843E+3	-4.619146E-9
1.487862E+3	-4.619146E-9
1.487881E+3	8.861281E-9
1.487900E+3	2.234171E-8
1.487920E+3	-4.506043E-8
1.487939E+3	-4.619146E-9
1.487958E+3	4.930256E-8
1.487977E+3	-4.619146E-9
1.487997E+3	-3.158000E-8
1.488016E+3	-1.809957E-8
1.488035E+3	-1.809957E-8
1.488054E+3	8.861281E-9
1.488074E+3	-4.619146E-9
1.488093E+3	-1.809957E-8
1.488112E+3	3.582214E-8
1.488131E+3	2.234171E-8
1.488151E+3	-4.619146E-9
1.488170E+3	-4.506043E-8
1.488189E+3	8.861281E-9
1.488208E+3	-3.158000E-8
1.488228E+3	-4.619146E-9
1.488247E+3	8.861281E-9
1.488266E+3	-4.619146E-9
1.488285E+3	8.861281E-9
1.488305E+3	-1.809957E-8
1.488324E+3	-4.619146E-9
1.488343E+3	8.861281E-9
1.488362E+3	-3.158000E-8
1.488382E+3	-4.619146E-9
1.488401E+3	2.234171E-8
1.488420E+3	8.861281E-9
1.488439E+3	8.861281E-9
1.488459E+3	2.234171E-8
1.488478E+3	-4.619146E-9
1.488497E+3	-3.158000E-8
1.488517E+3	-4.619146E-9
1.488536E+3	2.234171E-8
1.488555E+3	3.582214E-8
1.488574E+3	-3.158000E-8
1.488594E+3	-4.506043E-8
1.488613E+3	-4.619146E-9
1.488632E+3	8.861281E-9
1.488651E+3	8.861281E-9
1.488671E+3	-4.619146E-9
1.488690E+3	8.861281E-9
1.488709E+3	-3.158000E-8
1.488728E+3	8.861281E-9
1.488748E+3	2.234171E-8
1.488767E+3	8.861281E-9
1.488786E+3	2.234171E-8
1.488805E+3	8.861281E-9
1.488825E+3	8.861281E-9
1.488844E+3	8.861281E-9
1.488863E+3	2.234171E-8
1.488882E+3	-3.158000E-8
1.488902E+3	-4.619146E-9
1.488921E+3	8.861281E-9
1.488940E+3	8.861281E-9
1.488959E+3	-3.158000E-8
1.488979E+3	-4.619146E-9
1.488998E+3	4.930256E-8
1.489017E+3	8.861281E-9
1.489036E+3	8.861281E-9
1.489056E+3	8.861281E-9
1.489075E+3	2.234171E-8
1.489094E+3	8.861281E-9
1.489113E+3	-1.809957E-8
1.489133E+3	3.582214E-8
1.489152E+3	8.861281E-9
1.489171E+3	-4.619146E-9
1.489190E+3	-4.619146E-9
1.489210E+3	-1.809957E-8
1.489229E+3	-3.158000E-8
1.489248E+3	-3.158000E-8
1.489267E+3	3.582214E-8
1.489287E+3	8.861281E-9
1.489306E+3	2.234171E-8
1.489325E+3	-4.619146E-9
1.489344E+3	-1.809957E-8
1.489364E+3	8.861281E-9
1.489383E+3	3.582214E-8
1.489402E+3	3.582214E-8
1.489421E+3	-4.619146E-9
1.489441E+3	-4.619146E-9
1.489460E+3	3.582214E-8
1.489479E+3	3.582214E-8
1.489498E+3	3.582214E-8
1.489518E+3	3.582214E-8
1.489537E+3	3.582214E-8
1.489556E+3	8.861281E-9
1.489575E+3	-3.158000E-8
1.489595E+3	8.861281E-9
1.489614E+3	2.234171E-8
1.489633E+3	8.861281E-9
1.489652E+3	3.582214E-8
1.489672E+3	-4.619146E-9
1.489691E+3	2.234171E-8
1.489710E+3	4.930256E-8
1.489729E+3	8.861281E-9
1.489749E+3	-4.619146E-9
1.489768E+3	2.234171E-8
1.489787E+3	-4.619146E-9
1.489807E+3	-3.158000E-8
1.489826E+3	-3.158000E-8
1.489845E+3	-1.809957E-8
1.489864E+3	-4.619146E-9
1.489884E+3	-4.619146E-9
1.489903E+3	8.861281E-9
1.489922E+3	-4.619146E-9
1.489941E+3	-3.158000E-8
1.489961E+3	8.861281E-9
1.489980E+3	-4.506043E-8
1.489999E+3	-4.619146E-9
1.490018E+3	2.234171E-8
1.490038E+3	-4.619146E-9
1.490057E+3	2.234171E-8
1.490076E+3	8.861281E-9
1.490095E+3	-3.158000E-8
1.490115E+3	8.861281E-9
1.490134E+3	-4.619146E-9
1.490153E+3	6.278299E-8
1.490172E+3	3.582214E-8
1.490192E+3	-4.619146E-9
1.490211E+3	2.234171E-8
1.490230E+3	8.861281E-9
1.490249E+3	-3.158000E-8
1.490269E+3	-1.809957E-8
1.490288E+3	8.861281E-9
1.490307E+3	-1.809957E-8
1.490326E+3	-4.619146E-9
1.490346E+3	8.861281E-9
1.490365E+3	3.582214E-8
1.490384E+3	-3.158000E-8
1.490403E+3	-3.158000E-8
1.490423E+3	-4.619146E-9
1.490442E+3	3.582214E-8
1.490461E+3	4.930256E-8
1.490480E+3	8.861281E-9
1.490500E+3	8.861281E-9
1.490519E+3	-4.619146E-9
1.490538E+3	-4.619146E-9
1.490557E+3	4.930256E-8
1.490577E+3	8.861281E-9
1.490596E+3	3.582214E-8
1.490615E+3	8.861281E-9
1.490634E+3	-3.158000E-8
1.490654E+3	-1.809957E-8
1.490673E+3	-1.809957E-8
1.490692E+3	3.582214E-8
1.490711E+3	8.861281E-9
1.490731E+3	-1.809957E-8
1.490750E+3	2.234171E-8
1.490769E+3	3.582214E-8
1.490788E+3	4.930256E-8
1.490808E+3	2.234171E-8
1.490827E+3	-4.619146E-9
1.490846E+3	3.582214E-8
1.490865E+3	-4.619146E-9
1.490885E+3	8.861281E-9
1.490904E+3	2.234171E-8
1.490923E+3	3.582214E-8
1.490942E+3	8.861281E-9
1.490962E+3	4.930256E-8
1.490981E+3	8.861281E-9
1.491000E+3	8.861281E-9
1.491020E+3	-4.619146E-9
1.491039E+3	3.582214E-8
1.491058E+3	4.930256E-8
1.491077E+3	-1.809957E-8
1.491097E+3	8.861281E-9
1.491116E+3	-3.158000E-8
1.491135E+3	8.861281E-9
1.491154E+3	-3.158000E-8
1.491174E+3	3.582214E-8
1.491193E+3	8.861281E-9
1.491212E+3	8.861281E-9
1.491231E+3	4.930256E-8
1.491251E+3	-4.619146E-9
1.491270E+3	-4.506043E-8
1.491289E+3	8.861281E-9
1.491308E+3	-4.619146E-9
1.491328E+3	-1.809957E-8
1.491347E+3	-1.809957E-8
1.491366E+3	-1.809957E-8
1.491385E+3	-3.158000E-8
1.491405E+3	8.861281E-9
1.491424E+3	-3.158000E-8
1.491443E+3	2.234171E-8
1.491462E+3	8.861281E-9
1.491482E+3	8.861281E-9
1.491501E+3	3.582214E-8
1.491520E+3	3.582214E-8
1.491539E+3	3.582214E-8
1.491559E+3	-4.506043E-8
1.491578E+3	8.861281E-9
1.491597E+3	8.861281E-9
1.491616E+3	-3.158000E-8
1.491636E+3	-1.809957E-8
1.491655E+3	3.582214E-8
1.491674E+3	-4.619146E-9
1.491693E+3	-4.619146E-9
1.491713E+3	-1.809957E-8
1.491732E+3	8.861281E-9
1.491751E+3	3.582214E-8
1.491770E+3	2.234171E-8
1.491790E+3	-4.619146E-9
1.491809E+3	3.582214E-8
1.491828E+3	-1.809957E-8
1.491847E+3	8.861281E-9
1.491867E+3	-3.158000E-8
1.491886E+3	-1.809957E-8
1.491905E+3	-3.158000E-8
1.491924E+3	3.582214E-8
1.491944E+3	-4.506043E-8
1.491963E+3	-4.619146E-9
1.491982E+3	2.234171E-8
1.492001E+3	2.234171E-8
1.492021E+3	8.861281E-9
1.492040E+3	3.582214E-8
1.492059E+3	3.582214E-8
1.492078E+3	-3.158000E-8
1.492098E+3	2.234171E-8
1.492117E+3	2.234171E-8
1.492136E+3	2.234171E-8
1.492155E+3	8.861281E-9
1.492175E+3	-4.506043E-8
1.492194E+3	3.582214E-8
1.492213E+3	8.861281E-9
1.492232E+3	8.861281E-9
1.492252E+3	-4.506043E-8
1.492271E+3	-1.809957E-8
1.492290E+3	3.582214E-8
1.492310E+3	-3.158000E-8
1.492329E+3	-3.158000E-8
1.492348E+3	-4.619146E-9
1.492367E+3	8.861281E-9
1.492387E+3	8.861281E-9
1.492406E+3	8.861281E-9
1.492425E+3	8.861281E-9
1.492444E+3	3.582214E-8
1.492464E+3	8.861281E-9
1.492483E+3	8.861281E-9
1.492502E+3	-3.158000E-8
1.492521E+3	8.861281E-9
1.492541E+3	8.861281E-9
1.492560E+3	4.930256E-8
1.492579E+3	4.930256E-8
1.492598E+3	4.930256E-8
1.492618E+3	6.278299E-8
1.492637E+3	-1.809957E-8
1.492656E+3	-3.158000E-8
1.492675E+3	8.861281E-9
1.492695E+3	-1.809957E-8
1.492714E+3	-1.809957E-8
1.492733E+3	8.861281E-9
1.492752E+3	4.930256E-8
1.492772E+3	3.582214E-8
1.492791E+3	8.861281E-9
1.492810E+3	-3.158000E-8
1.492829E+3	8.861281E-9
1.492849E+3	6.278299E-8
1.492868E+3	8.861281E-9
1.492887E+3	3.582214E-8
1.492906E+3	8.861281E-9
1.492926E+3	8.861281E-9
1.492945E+3	-4.619146E-9
1.492964E+3	-4.506043E-8
1.492983E+3	2.234171E-8
1.493003E+3	8.861281E-9
1.493022E+3	-1.809957E-8
1.493041E+3	2.234171E-8
1.493060E+3	2.234171E-8
1.493080E+3	8.861281E-9
1.493099E+3	-3.158000E-8
1.493118E+3	8.861281E-9
1.493137E+3	8.861281E-9
1.493157E+3	-4.619146E-9
1.493176E+3	-1.809957E-8
1.493195E+3	2.234171E-8
1.493214E+3	8.861281E-9
1.493234E+3	3.582214E-8
1.493253E+3	8.861281E-9
1.493272E+3	-4.619146E-9
1.493291E+3	-4.619146E-9
1.493311E+3	-1.809957E-8
1.493330E+3	2.234171E-8
1.493349E+3	-1.809957E-8
1.493368E+3	-4.619146E-9
1.493388E+3	3.582214E-8
1.493407E+3	-1.809957E-8
1.493426E+3	8.861281E-9
1.493445E+3	-4.619146E-9
1.493465E+3	8.861281E-9
1.493484E+3	-3.158000E-8
1.493503E+3	8.861281E-9
1.493522E+3	3.582214E-8
1.493542E+3	-4.619146E-9
1.493561E+3	2.234171E-8
1.493580E+3	4.930256E-8
1.493600E+3	2.234171E-8
1.493619E+3	8.861281E-9
1.493638E+3	2.234171E-8
1.493657E+3	2.234171E-8
1.493677E+3	6.278299E-8
1.493696E+3	6.278299E-8
1.493715E+3	6.278299E-8
1.493734E+3	6.278299E-8
1.493754E+3	-4.619146E-9
1.493773E+3	-4.619146E-9
1.493792E+3	8.861281E-9
1.493811E+3	2.234171E-8
1.493831E+3	3.582214E-8
1.493850E+3	-4.619146E-9
1.493869E+3	6.278299E-8
1.493888E+3	4.930256E-8
1.493908E+3	3.582214E-8
1.493927E+3	2.234171E-8
1.493946E+3	6.278299E-8
1.493965E+3	3.582214E-8
1.493985E+3	2.234171E-8
1.494004E+3	2.234171E-8
1.494023E+3	2.234171E-8
1.494042E+3	6.278299E-8
1.494062E+3	2.234171E-8
1.494081E+3	-4.619146E-9
1.494100E+3	-1.809957E-8
1.494119E+3	2.234171E-8
1.494139E+3	8.861281E-9
1.494158E+3	4.930256E-8
1.494177E+3	8.861281E-9
1.494196E+3	3.582214E-8
1.494216E+3	4.930256E-8
1.494235E+3	4.930256E-8
1.494254E+3	4.930256E-8
1.494273E+3	3.582214E-8
1.494293E+3	2.234171E-8
1.494312E+3	8.861281E-9
1.494331E+3	8.861281E-9
1.494350E+3	2.234171E-8
1.494370E+3	8.861281E-9
1.494389E+3	-4.619146E-9
1.494408E+3	8.861281E-9
1.494427E+3	2.234171E-8
1.494447E+3	8.861281E-9
1.494466E+3	3.582214E-8
1.494485E+3	8.861281E-9
1.494504E+3	2.234171E-8
1.494524E+3	-1.809957E-8
1.494543E+3	2.234171E-8
1.494562E+3	3.582214E-8
1.494581E+3	4.930256E-8
1.494601E+3	6.278299E-8
1.494620E+3	6.278299E-8
1.494639E+3	6.278299E-8
1.494658E+3	6.278299E-8
1.494678E+3	2.234171E-8
1.494697E+3	2.234171E-8
1.494716E+3	8.861281E-9
1.494735E+3	4.930256E-8
1.494755E+3	6.278299E-8
1.494774E+3	8.861281E-9
1.494793E+3	-1.809957E-8
1.494812E+3	8.861281E-9
1.494832E+3	8.861281E-9
1.494851E+3	4.930256E-8
1.494870E+3	8.861281E-9
1.494890E+3	8.861281E-9
1.494909E+3	8.861281E-9
1.494928E+3	8.861281E-9
1.494947E+3	8.861281E-9
1.494967E+3	3.582214E-8
1.494986E+3	-3.158000E-8
1.495005E+3	3.582214E-8
1.495024E+3	-1.809957E-8
1.495044E+3	-4.619146E-9
1.495063E+3	-1.809957E-8
1.495082E+3	3.582214E-8
1.495101E+3	2.234171E-8
1.495121E+3	8.861281E-9
1.495140E+3	8.861281E-9
1.495159E+3	-1.809957E-8
1.495178E+3	8.861281E-9
1.495198E+3	2.234171E-8
1.495217E+3	-4.619146E-9
1.495236E+3	-4.619146E-9
1.495255E+3	2.234171E-8
1.495275E+3	8.861281E-9
1.495294E+3	8.861281E-9
1.495313E+3	3.582214E-8
1.495332E+3	-1.809957E-8
1.495352E+3	-3.158000E-8
1.495371E+3	-4.506043E-8
1.495390E+3	3.582214E-8
1.495409E+3	-1.809957E-8
1.495429E+3	2.234171E-8
1.495448E+3	3.582214E-8
1.495467E+3	-4.619146E-9
1.495486E+3	2.234171E-8
1.495506E+3	-1.809957E-8
1.495525E+3	-3.158000E-8
1.495544E+3	4.930256E-8
1.495563E+3	3.582214E-8
1.495583E+3	-4.619146E-9
1.495602E+3	-4.619146E-9
1.495621E+3	-4.619146E-9
1.495640E+3	-4.619146E-9
1.495660E+3	8.861281E-9
1.495679E+3	-4.619146E-9
1.495698E+3	-4.619146E-9
1.495717E+3	8.861281E-9
1.495737E+3	8.861281E-9
1.495756E+3	-4.619146E-9
1.495775E+3	3.582214E-8
1.495794E+3	3.582214E-8
1.495814E+3	-3.158000E-8
1.495833E+3	8.861281E-9
1.495852E+3	-3.158000E-8
1.495871E+3	2.234171E-8
1.495891E+3	8.861281E-9
1.495910E+3	2.234171E-8
1.495929E+3	-4.619146E-9
1.495948E+3	8.861281E-9
1.495968E+3	-3.158000E-8
1.495987E+3	3.582214E-8
1.496006E+3	3.582214E-8
1.496025E+3	-3.158000E-8
1.496045E+3	-4.619146E-9
1.496064E+3	2.234171E-8
1.496083E+3	3.582214E-8
1.496102E+3	-3.158000E-8
1.496122E+3	-4.619146E-9
1.496141E+3	8.861281E-9
1.496160E+3	8.861281E-9
1.496180E+3	8.861281E-9
1.496199E+3	-3.158000E-8
1.496218E+3	-4.619146E-9
1.496237E+3	-1.809957E-8
1.496257E+3	2.234171E-8
1.496276E+3	-1.809957E-8
1.496295E+3	-4.619146E-9
1.496314E+3	4.930256E-8
1.496334E+3	8.861281E-9
1.496353E+3	-4.619146E-9
1.496372E+3	-4.619146E-9
1.496391E+3	2.234171E-8
1.496411E+3	2.234171E-8
1.496430E+3	3.582214E-8
1.496449E+3	2.234171E-8
1.496468E+3	6.278299E-8
1.496488E+3	2.234171E-8
1.496507E+3	8.861281E-9
1.496526E+3	7.626342E-8
1.496545E+3	6.278299E-8
1.496565E+3	2.234171E-8
1.496584E+3	7.626342E-8
1.496603E+3	3.582214E-8
1.496622E+3	2.234171E-8
1.496642E+3	8.861281E-9
1.496661E+3	8.861281E-9
1.496680E+3	3.582214E-8
1.496699E+3	3.582214E-8
1.496719E+3	6.278299E-8
1.496738E+3	7.626342E-8
1.496757E+3	4.930256E-8
1.496776E+3	7.626342E-8
1.496796E+3	4.930256E-8
1.496815E+3	7.626342E-8
1.496834E+3	2.234171E-8
1.496853E+3	3.582214E-8
1.496873E+3	6.278299E-8
1.496892E+3	3.582214E-8
1.496911E+3	6.278299E-8
1.496930E+3	6.278299E-8
1.496950E+3	1.032243E-7
1.496969E+3	4.930256E-8
1.496988E+3	8.974385E-8
1.497007E+3	1.167047E-7
1.497027E+3	1.167047E-7
1.497046E+3	1.167047E-7
1.497065E+3	1.571460E-7
1.497084E+3	8.974385E-8
1.497104E+3	7.626342E-8
1.497123E+3	8.974385E-8
1.497142E+3	1.571460E-7
1.497161E+3	1.571460E-7
1.497181E+3	7.626342E-8
1.497200E+3	1.436656E-7
1.497219E+3	1.167047E-7
1.497238E+3	1.301851E-7
1.497258E+3	1.167047E-7
1.497277E+3	1.571460E-7
1.497296E+3	1.301851E-7
1.497315E+3	1.436656E-7
1.497335E+3	1.571460E-7
1.497354E+3	1.975873E-7
1.497373E+3	1.436656E-7
1.497393E+3	1.436656E-7
1.497412E+3	1.706264E-7
1.497431E+3	1.301851E-7
1.497450E+3	1.301851E-7
1.497470E+3	1.841068E-7
1.497489E+3	1.841068E-7
1.497508E+3	1.571460E-7
1.497527E+3	1.167047E-7
1.497547E+3	1.571460E-7
1.497566E+3	1.571460E-7
1.497585E+3	1.841068E-7
1.497604E+3	1.571460E-7
1.497624E+3	1.571460E-7
1.497643E+3	1.032243E-7
1.497662E+3	1.301851E-7
1.497681E+3	1.167047E-7
1.497701E+3	1.436656E-7
1.497720E+3	1.301851E-7
1.497739E+3	1.167047E-7
1.497758E+3	1.032243E-7
1.497778E+3	1.301851E-7
1.497797E+3	1.167047E-7
1.497816E+3	4.930256E-8
1.497835E+3	1.032243E-7
1.497855E+3	7.626342E-8
1.497874E+3	1.032243E-7
1.497893E+3	8.974385E-8
1.497912E+3	1.032243E-7
1.497932E+3	6.278299E-8
1.497951E+3	7.626342E-8
1.497970E+3	4.930256E-8
1.497989E+3	4.930256E-8
1.498009E+3	7.626342E-8
1.498028E+3	6.278299E-8
1.498047E+3	3.582214E-8
1.498066E+3	6.278299E-8
1.498086E+3	8.974385E-8
1.498105E+3	4.930256E-8
1.498124E+3	3.582214E-8
1.498143E+3	8.861281E-9
1.498163E+3	4.930256E-8
1.498182E+3	-4.619146E-9
1.498201E+3	8.861281E-9
1.498220E+3	6.278299E-8
1.498240E+3	3.582214E-8
1.498259E+3	2.234171E-8
1.498278E+3	6.278299E-8
1.498297E+3	4.930256E-8
1.498317E+3	3.582214E-8
1.498336E+3	2.234171E-8
1.498355E+3	6.278299E-8
1.498374E+3	-4.619146E-9
1.498394E+3	8.861281E-9
1.498413E+3	3.582214E-8
1.498432E+3	2.234171E-8
1.498451E+3	8.861281E-9
1.498471E+3	3.582214E-8
1.498490E+3	2.234171E-8
1.498509E+3	8.861281E-9
1.498528E+3	6.278299E-8
1.498548E+3	3.582214E-8
1.498567E+3	8.974385E-8
1.498586E+3	3.582214E-8
1.498605E+3	6.278299E-8
1.498625E+3	2.234171E-8
1.498644E+3	3.582214E-8
1.498663E+3	7.626342E-8
1.498683E+3	3.582214E-8
1.498702E+3	7.626342E-8
1.498721E+3	4.930256E-8
1.498740E+3	6.278299E-8
1.498760E+3	3.582214E-8
1.498779E+3	1.167047E-7
1.498798E+3	1.167047E-7
1.498817E+3	8.974385E-8
1.498837E+3	1.032243E-7
1.498856E+3	1.167047E-7
1.498875E+3	1.301851E-7
1.498894E+3	1.436656E-7
1.498914E+3	1.706264E-7
1.498933E+3	1.571460E-7
1.498952E+3	1.571460E-7
1.498971E+3	1.975873E-7
1.498991E+3	1.841068E-7
1.499010E+3	2.380285E-7
1.499029E+3	1.975873E-7
1.499048E+3	2.515090E-7
1.499068E+3	3.054307E-7
1.499087E+3	2.649894E-7
1.499106E+3	2.649894E-7
1.499125E+3	3.323915E-7
1.499145E+3	2.919503E-7
1.499164E+3	2.784698E-7
1.499183E+3	3.054307E-7
1.499202E+3	3.593524E-7
1.499222E+3	3.997937E-7
1.499241E+3	3.593524E-7
1.499260E+3	3.728328E-7
1.499279E+3	3.593524E-7
1.499299E+3	3.728328E-7
1.499318E+3	3.728328E-7
1.499337E+3	4.132741E-7
1.499356E+3	4.941567E-7
1.499376E+3	4.941567E-7
1.499395E+3	6.020001E-7
1.499414E+3	6.424414E-7
1.499433E+3	6.559218E-7
1.499453E+3	7.772456E-7
1.499472E+3	8.985695E-7
1.499491E+3	9.659716E-7
1.499510E+3	1.100776E-6
1.499530E+3	1.208619E-6
1.499549E+3	1.370384E-6
1.499568E+3	1.586071E-6
1.499587E+3	1.801758E-6
1.499607E+3	2.098328E-6
1.499626E+3	2.394897E-6
1.499645E+3	2.570142E-6
1.499664E+3	2.758868E-6
1.499684E+3	3.082399E-6
1.499703E+3	3.311566E-6
1.499722E+3	3.837303E-6
1.499741E+3	4.390000E-6
1.499761E+3	4.902256E-6
1.499780E+3	5.171865E-6
1.499799E+3	5.252748E-6
1.499818E+3	5.508876E-6
1.499838E+3	5.872847E-6
1.499857E+3	6.236819E-6
1.499876E+3	6.546869E-6
1.499895E+3	6.600790E-6
1.499915E+3	6.546869E-6
1.499934E+3	6.425545E-6
1.499953E+3	6.263780E-6
1.499973E+3	6.385103E-6
1.499992E+3	6.627751E-6
1.500011E+3	6.654712E-6
1.500030E+3	6.695153E-6
1.500050E+3	6.236819E-6
1.500069E+3	5.724562E-6
1.500088E+3	5.171865E-6
1.500107E+3	5.023580E-6
1.500127E+3	4.807893E-6
1.500146E+3	4.646128E-6
1.500165E+3	4.363039E-6
1.500184E+3	3.742940E-6
1.500204E+3	3.271125E-6
1.500223E+3	2.893673E-6
1.500242E+3	2.624064E-6
1.500261E+3	2.408377E-6
1.500281E+3	2.192691E-6
1.500300E+3	2.017445E-6
1.500319E+3	1.747836E-6
1.500338E+3	1.464747E-6
1.500358E+3	1.208619E-6
1.500377E+3	1.019893E-6
1.500396E+3	9.120499E-7
1.500415E+3	8.716086E-7
1.500435E+3	7.502848E-7
1.500454E+3	6.424414E-7
1.500473E+3	5.345979E-7
1.500492E+3	4.537154E-7
1.500512E+3	4.132741E-7
1.500531E+3	4.267545E-7
1.500550E+3	4.671958E-7
1.500569E+3	3.593524E-7
1.500589E+3	3.323915E-7
1.500608E+3	3.323915E-7
1.500627E+3	3.054307E-7
1.500646E+3	2.784698E-7
1.500666E+3	3.323915E-7
1.500685E+3	3.323915E-7
1.500704E+3	3.189111E-7
1.500723E+3	3.189111E-7
1.500743E+3	2.919503E-7
1.500762E+3	2.515090E-7
1.500781E+3	1.975873E-7
1.500800E+3	2.380285E-7
1.500820E+3	2.515090E-7
1.500839E+3	2.784698E-7
1.500858E+3	2.245481E-7
1.500877E+3	1.571460E-7
1.500897E+3	1.975873E-7
1.500916E+3	1.301851E-7
1.500935E+3	1.301851E-7
1.500954E+3	1.032243E-7
1.500974E+3	1.032243E-7
1.500993E+3	8.974385E-8
1.501012E+3	8.974385E-8
1.501031E+3	1.301851E-7
1.501051E+3	1.032243E-7
1.501070E+3	8.974385E-8
1.501089E+3	4.930256E-8
1.501108E+3	1.032243E-7
1.501128E+3	7.626342E-8
1.501147E+3	3.582214E-8
1.501166E+3	2.234171E-8
1.501185E+3	3.582214E-8
1.501205E+3	6.278299E-8
1.501224E+3	6.278299E-8
1.501243E+3	1.032243E-7
1.501263E+3	4.930256E-8
1.501282E+3	7.626342E-8
1.501301E+3	2.234171E-8
1.501320E+3	3.582214E-8
1.501340E+3	6.278299E-8
1.501359E+3	4.930256E-8
1.501378E+3	6.278299E-8
1.501397E+3	6.278299E-8
1.501417E+3	6.278299E-8
1.501436E+3	8.974385E-8
1.501455E+3	8.974385E-8
1.501474E+3	4.930256E-8
1.501494E+3	2.234171E-8
1.501513E+3	1.032243E-7
1.501532E+3	8.974385E-8
1.501551E+3	8.974385E-8
1.501571E+3	6.278299E-8
1.501590E+3	7.626342E-8
1.501609E+3	1.167047E-7
1.501628E+3	1.167047E-7
1.501648E+3	1.167047E-7
1.501667E+3	1.167047E-7
1.501686E+3	8.974385E-8
1.501705E+3	6.278299E-8
1.501725E+3	1.032243E-7
1.501744E+3	1.167047E-7
1.501763E+3	1.706264E-7
1.501782E+3	1.975873E-7
1.501802E+3	2.110677E-7
1.501821E+3	1.436656E-7
1.501840E+3	1.706264E-7
1.501859E+3	1.841068E-7
1.501879E+3	1.571460E-7
1.501898E+3	1.571460E-7
1.501917E+3	1.706264E-7
1.501936E+3	1.841068E-7
1.501956E+3	2.649894E-7
1.501975E+3	1.975873E-7
1.501994E+3	2.380285E-7
1.502013E+3	1.975873E-7
1.502033E+3	1.841068E-7
1.502052E+3	2.515090E-7
1.502071E+3	2.515090E-7
1.502090E+3	1.841068E-7
1.502110E+3	2.380285E-7
1.502129E+3	1.841068E-7
1.502148E+3	1.975873E-7
1.502167E+3	1.975873E-7
1.502187E+3	1.841068E-7
1.502206E+3	1.975873E-7
1.502225E+3	1.571460E-7
1.502244E+3	1.032243E-7
1.502264E+3	1.301851E-7
1.502283E+3	1.167047E-7
1.502302E+3	1.167047E-7
1.502321E+3	7.626342E-8
1.502341E+3	1.436656E-7
1.502360E+3	1.167047E-7
1.502379E+3	1.032243E-7
1.502398E+3	8.974385E-8
1.502418E+3	8.974385E-8
1.502437E+3	7.626342E-8
1.502456E+3	3.582214E-8
1.502475E+3	2.234171E-8
1.502495E+3	8.974385E-8
1.502514E+3	2.234171E-8
1.502533E+3	3.582214E-8
1.502553E+3	4.930256E-8
1.502572E+3	3.582214E-8
1.502591E+3	2.234171E-8
1.502610E+3	3.582214E-8
1.502630E+3	6.278299E-8
1.502649E+3	3.582214E-8
1.502668E+3	2.234171E-8
1.502687E+3	4.930256E-8
1.502707E+3	6.278299E-8
1.502726E+3	2.234171E-8
1.502745E+3	2.234171E-8
1.502764E+3	-4.619146E-9
1.502784E+3	8.861281E-9
1.502803E+3	2.234171E-8
1.502822E+3	8.861281E-9
1.502841E+3	-4.619146E-9
1.502861E+3	4.930256E-8
1.502880E+3	4.930256E-8
1.502899E+3	4.930256E-8
1.502918E+3	3.582214E-8
1.502938E+3	8.861281E-9
1.502957E+3	3.582214E-8
1.502976E+3	8.861281E-9
1.502995E+3	8.861281E-9
1.503015E+3	2.234171E-8
1.503034E+3	8.861281E-9
1.503053E+3	-1.809957E-8
1.503072E+3	8.861281E-9
1.503092E+3	-3.158000E-8
1.503111E+3	-3.158000E-8
1.503130E+3	-4.619146E-9
1.503149E+3	-1.809957E-8
1.503169E+3	2.234171E-8
1.503188E+3	-1.809957E-8
1.503207E+3	4.930256E-8
1.503226E+3	-4.619146E-9
1.503246E+3	8.861281E-9
1.503265E+3	8.861281E-9
1.503284E+3	2.234171E-8
1.503303E+3	-1.809957E-8
1.503323E+3	8.861281E-9
1.503342E+3	8.861281E-9
1.503361E+3	8.861281E-9
1.503380E+3	2.234171E-8
1.503400E+3	-1.809957E-8
1.503419E+3	-1.809957E-8
1.503438E+3	2.234171E-8
1.503457E+3	-4.619146E-9
1.503477E+3	-4.619146E-9
1.503496E+3	-1.809957E-8
1.503515E+3	-1.809957E-8
1.503534E+3	-1.809957E-8
1.503554E+3	-3.158000E-8
1.503573E+3	2.234171E-8
1.503592E+3	-1.809957E-8
1.503611E+3	8.861281E-9
1.503631E+3	2.234171E-8
1.503650E+3	3.582214E-8
1.503669E+3	-4.619146E-9
1.503688E+3	-1.809957E-8
1.503708E+3	-1.809957E-8
1.503727E+3	8.861281E-9
1.503746E+3	2.234171E-8
1.503765E+3	3.582214E-8
1.503785E+3	3.582214E-8
1.503804E+3	2.234171E-8
1.503823E+3	-4.619146E-9
1.503843E+3	-3.158000E-8
1.503862E+3	8.861281E-9
1.503881E+3	8.861281E-9
1.503900E+3	3.582214E-8
1.503920E+3	8.861281E-9
1.503939E+3	3.582214E-8
1.503958E+3	-4.506043E-8
1.503977E+3	-4.619146E-9
1.503997E+3	8.861281E-9
1.504016E+3	8.861281E-9
1.504035E+3	2.234171E-8
1.504054E+3	2.234171E-8
1.504074E+3	-4.619146E-9
1.504093E+3	3.582214E-8
1.504112E+3	-3.158000E-8
1.504131E+3	8.861281E-9
1.504151E+3	8.861281E-9
1.504170E+3	-3.158000E-8
1.504189E+3	-3.158000E-8
1.504208E+3	8.861281E-9
1.504228E+3	8.861281E-9
1.504247E+3	3.582214E-8
1.504266E+3	8.861281E-9
1.504285E+3	2.234171E-8
1.504305E+3	-1.809957E-8
1.504324E+3	2.234171E-8
1.504343E+3	3.582214E-8
1.504362E+3	6.278299E-8
1.504382E+3	2.234171E-8
1.504401E+3	8.861281E-9
1.504420E+3	8.861281E-9
1.504439E+3	8.861281E-9
1.504459E+3	6.278299E-8
1.504478E+3	6.278299E-8
1.504497E+3	6.278299E-8
1.504516E+3	6.278299E-8
1.504536E+3	6.278299E-8
1.504555E+3	1.032243E-7
1.504574E+3	8.974385E-8
1.504593E+3	1.032243E-7
1.504613E+3	4.930256E-8
1.504632E+3	4.930256E-8
1.504651E+3	4.930256E-8
1.504670E+3	7.626342E-8
1.504690E+3	6.278299E-8
1.504709E+3	4.930256E-8
1.504728E+3	6.278299E-8
1.504747E+3	7.626342E-8
1.504767E+3	6.278299E-8
1.504786E+3	4.930256E-8
1.504805E+3	3.582214E-8
1.504824E+3	2.234171E-8
1.504844E+3	2.234171E-8
1.504863E+3	2.234171E-8
1.504882E+3	8.974385E-8
1.504901E+3	4.930256E-8
1.504921E+3	6.278299E-8
1.504940E+3	6.278299E-8
1.504959E+3	3.582214E-8
1.504978E+3	6.278299E-8
1.504998E+3	6.278299E-8
1.505017E+3	-4.619146E-9
1.505036E+3	3.582214E-8
1.505056E+3	2.234171E-8
1.505075E+3	3.582214E-8
1.505094E+3	2.234171E-8
1.505113E+3	4.930256E-8
1.505133E+3	8.861281E-9
1.505152E+3	2.234171E-8
1.505171E+3	8.861281E-9
1.505190E+3	4.930256E-8
1.505210E+3	2.234171E-8
1.505229E+3	8.861281E-9
1.505248E+3	3.582214E-8
1.505267E+3	4.930256E-8
1.505287E+3	3.582214E-8
1.505306E+3	4.930256E-8
1.505325E+3	-1.809957E-8
1.505344E+3	4.930256E-8
1.505364E+3	8.861281E-9
1.505383E+3	8.861281E-9
1.505402E+3	-1.809957E-8
1.505421E+3	8.861281E-9
1.505441E+3	2.234171E-8
1.505460E+3	8.861281E-9
1.505479E+3	8.861281E-9
1.505498E+3	4.930256E-8
1.505518E+3	3.582214E-8
1.505537E+3	-1.809957E-8
1.505556E+3	8.861281E-9
1.505575E+3	3.582214E-8
1.505595E+3	8.861281E-9
1.505614E+3	4.930256E-8
1.505633E+3	3.582214E-8
1.505652E+3	3.582214E-8
1.505672E+3	-4.619146E-9
1.505691E+3	-4.619146E-9
1.505710E+3	7.626342E-8
1.505729E+3	2.234171E-8
1.505749E+3	-4.619146E-9
1.505768E+3	2.234171E-8
1.505787E+3	3.582214E-8
1.505806E+3	6.278299E-8
1.505826E+3	-4.619146E-9
1.505845E+3	3.582214E-8
1.505864E+3	7.626342E-8
1.505883E+3	2.234171E-8
1.505903E+3	4.930256E-8
1.505922E+3	6.278299E-8
1.505941E+3	8.861281E-9
1.505960E+3	8.861281E-9
1.505980E+3	-4.619146E-9
1.505999E+3	6.278299E-8
1.506018E+3	4.930256E-8
1.506037E+3	4.930256E-8
1.506057E+3	4.930256E-8
1.506076E+3	2.234171E-8
1.506095E+3	-1.809957E-8
1.506114E+3	3.582214E-8
1.506134E+3	8.861281E-9
1.506153E+3	8.861281E-9
1.506172E+3	8.861281E-9
1.506191E+3	-3.158000E-8
1.506211E+3	-1.809957E-8
1.506230E+3	8.861281E-9
1.506249E+3	8.861281E-9
1.506268E+3	3.582214E-8
1.506288E+3	2.234171E-8
1.506307E+3	8.861281E-9
1.506326E+3	3.582214E-8
1.506346E+3	8.861281E-9
1.506365E+3	-4.619146E-9
1.506384E+3	3.582214E-8
1.506403E+3	8.861281E-9
1.506423E+3	-1.809957E-8
1.506442E+3	-1.809957E-8
1.506461E+3	8.861281E-9
1.506480E+3	8.861281E-9
1.506500E+3	8.861281E-9
1.506519E+3	8.861281E-9
1.506538E+3	-1.809957E-8
1.506557E+3	8.861281E-9
1.506577E+3	-3.158000E-8
1.506596E+3	8.861281E-9
1.506615E+3	-1.809957E-8
1.506634E+3	8.861281E-9
1.506654E+3	2.234171E-8
1.506673E+3	-4.619146E-9
1.506692E+3	8.861281E-9
1.506711E+3	-3.158000E-8
1.506731E+3	-4.619146E-9
1.506750E+3	3.582214E-8
1.506769E+3	-3.158000E-8
1.506788E+3	-4.619146E-9
1.506808E+3	3.582214E-8
1.506827E+3	-4.619146E-9
1.506846E+3	-4.619146E-9
1.506865E+3	-4.619146E-9
1.506885E+3	3.582214E-8
1.506904E+3	-4.506043E-8
1.506923E+3	-3.158000E-8
1.506942E+3	8.861281E-9
1.506962E+3	-4.619146E-9
1.506981E+3	-4.619146E-9
1.507000E+3	8.861281E-9
1.507019E+3	2.234171E-8
1.507039E+3	-4.619146E-9
1.507058E+3	-1.809957E-8
1.507077E+3	8.861281E-9
1.507096E+3	3.582214E-8
1.507116E+3	-4.619146E-9
1.507135E+3	2.234171E-8
1.507154E+3	8.861281E-9
1.507173E+3	-1.809957E-8
1.507193E+3	3.582214E-8
1.507212E+3	8.861281E-9
1.507231E+3	8.861281E-9
1.507250E+3	8.861281E-9
1.507270E+3	-1.809957E-8
1.507289E+3	-3.158000E-8
1.507308E+3	2.234171E-8
1.507327E+3	8.861281E-9
1.507347E+3	-4.619146E-9
1.507366E+3	-4.619146E-9
1.507385E+3	3.582214E-8
1.507404E+3	8.861281E-9
1.507424E+3	8.861281E-9
1.507443E+3	-1.809957E-8
1.507462E+3	3.582214E-8
1.507481E+3	2.234171E-8
1.507501E+3	-3.158000E-8
1.507520E+3	3.582214E-8
1.507539E+3	-3.158000E-8
1.507558E+3	-1.809957E-8
1.507578E+3	3.582214E-8
1.507597E+3	-4.619146E-9
1.507616E+3	-3.158000E-8
1.507636E+3	-1.809957E-8
1.507655E+3	3.582214E-8
1.507674E+3	2.234171E-8
1.507693E+3	-1.809957E-8
1.507713E+3	8.861281E-9
1.507732E+3	8.861281E-9
1.507751E+3	-4.619146E-9
1.507770E+3	-4.619146E-9
1.507790E+3	3.582214E-8
1.507809E+3	2.234171E-8
1.507828E+3	8.861281E-9
1.507847E+3	8.861281E-9
1.507867E+3	2.234171E-8
1.507886E+3	8.861281E-9
1.507905E+3	8.861281E-9
1.507924E+3	-4.619146E-9
1.507944E+3	-4.619146E-9
1.507963E+3	2.234171E-8
1.507982E+3	-4.619146E-9
1.508001E+3	-3.158000E-8
1.508021E+3	8.861281E-9
1.508040E+3	-4.619146E-9
1.508059E+3	-1.809957E-8
1.508078E+3	4.930256E-8
1.508098E+3	-1.809957E-8
1.508117E+3	-4.619146E-9
1.508136E+3	-4.619146E-9
1.508155E+3	8.861281E-9
1.508175E+3	8.861281E-9
1.508194E+3	-3.158000E-8
1.508213E+3	-4.619146E-9
1.508232E+3	8.861281E-9
1.508252E+3	3.582214E-8
1.508271E+3	3.582214E-8
1.508290E+3	3.582214E-8
1.508309E+3	-4.619146E-9
1.508329E+3	2.234171E-8
1.508348E+3	2.234171E-8
1.508367E+3	2.234171E-8
1.508386E+3	8.861281E-9
1.508406E+3	-4.506043E-8
1.508425E+3	3.582214E-8
1.508444E+3	2.234171E-8
1.508463E+3	-3.158000E-8
1.508483E+3	-1.809957E-8
1.508502E+3	-1.809957E-8
1.508521E+3	8.861281E-9
1.508540E+3	-1.809957E-8
1.508560E+3	4.930256E-8
1.508579E+3	-3.158000E-8
1.508598E+3	2.234171E-8
1.508617E+3	8.861281E-9
1.508637E+3	3.582214E-8
1.508656E+3	-1.809957E-8
1.508675E+3	-1.809957E-8
1.508694E+3	-4.619146E-9
1.508714E+3	-4.619146E-9
1.508733E+3	-4.506043E-8
1.508752E+3	8.861281E-9
1.508771E+3	8.861281E-9
1.508791E+3	-1.809957E-8
1.508810E+3	-4.506043E-8
1.508829E+3	2.234171E-8
1.508848E+3	4.930256E-8
1.508868E+3	8.861281E-9
1.508887E+3	4.930256E-8
1.508906E+3	4.930256E-8
1.508926E+3	2.234171E-8
1.508945E+3	8.861281E-9
1.508964E+3	4.930256E-8
1.508983E+3	-4.619146E-9
1.509003E+3	6.278299E-8
1.509022E+3	-1.809957E-8
1.509041E+3	6.278299E-8
1.509060E+3	2.234171E-8
1.509080E+3	3.582214E-8
1.509099E+3	8.861281E-9
1.509118E+3	3.582214E-8
1.509137E+3	6.278299E-8
1.509157E+3	2.234171E-8
1.509176E+3	2.234171E-8
1.509195E+3	4.930256E-8
1.509214E+3	2.234171E-8
1.509234E+3	2.234171E-8
1.509253E+3	8.861281E-9
1.509272E+3	3.582214E-8
1.509291E+3	-1.809957E-8
1.509311E+3	8.861281E-9
1.509330E+3	8.861281E-9
1.509349E+3	8.861281E-9
1.509368E+3	8.861281E-9
1.509388E+3	-1.809957E-8
1.509407E+3	8.861281E-9
1.509426E+3	8.861281E-9
1.509445E+3	4.930256E-8
1.509465E+3	8.861281E-9
1.509484E+3	8.861281E-9
1.509503E+3	8.861281E-9
1.509522E+3	2.234171E-8
1.509542E+3	3.582214E-8
1.509561E+3	-3.158000E-8
1.509580E+3	-1.809957E-8
1.509599E+3	-4.506043E-8
1.509619E+3	8.861281E-9
1.509638E+3	-4.619146E-9
1.509657E+3	-3.158000E-8
1.509676E+3	2.234171E-8
1.509696E+3	-4.506043E-8
1.509715E+3	-3.158000E-8
1.509734E+3	-4.619146E-9
1.509753E+3	-4.619146E-9
1.509773E+3	-1.809957E-8
1.509792E+3	-4.619146E-9
1.509811E+3	4.930256E-8
1.509830E+3	-1.809957E-8
1.509850E+3	8.861281E-9
1.509869E+3	2.234171E-8
1.509888E+3	-4.619146E-9
1.509907E+3	3.582214E-8
1.509927E+3	-4.619146E-9
1.509946E+3	3.582214E-8
1.509965E+3	8.861281E-9
1.509984E+3	-4.619146E-9
1.510004E+3	3.582214E-8
1.510023E+3	2.234171E-8
1.510042E+3	3.582214E-8
1.510061E+3	-4.619146E-9
1.510081E+3	3.582214E-8
1.510100E+3	-4.619146E-9
1.510119E+3	-3.158000E-8
1.510138E+3	2.234171E-8
1.510158E+3	8.861281E-9
1.510177E+3	-3.158000E-8
1.510196E+3	2.234171E-8
1.510216E+3	-1.809957E-8
1.510235E+3	-1.809957E-8
1.510254E+3	8.861281E-9
1.510273E+3	3.582214E-8
1.510293E+3	-1.809957E-8
1.510312E+3	2.234171E-8
1.510331E+3	-4.506043E-8
1.510350E+3	8.861281E-9
1.510370E+3	-3.158000E-8
1.510389E+3	-1.809957E-8
1.510408E+3	-1.809957E-8
1.510427E+3	3.582214E-8
1.510447E+3	-4.506043E-8
1.510466E+3	8.861281E-9
1.510485E+3	8.861281E-9
1.510504E+3	8.861281E-9
1.510524E+3	2.234171E-8
1.510543E+3	2.234171E-8
1.510562E+3	-1.809957E-8
1.510581E+3	3.582214E-8
1.510601E+3	8.861281E-9
1.510620E+3	3.582214E-8
1.510639E+3	3.582214E-8
1.510658E+3	8.861281E-9
1.510678E+3	-4.619146E-9
1.510697E+3	8.861281E-9
1.510716E+3	-1.809957E-8
1.510735E+3	3.582214E-8
1.510755E+3	-3.158000E-8
1.510774E+3	8.861281E-9
1.510793E+3	-1.809957E-8
1.510812E+3	-3.158000E-8
1.510832E+3	-4.619146E-9
1.510851E+3	8.861281E-9
1.510870E+3	8.861281E-9
1.510889E+3	2.234171E-8
1.510909E+3	-4.619146E-9
1.510928E+3	2.234171E-8
1.510947E+3	4.930256E-8
1.510966E+3	8.861281E-9
1.510986E+3	4.930256E-8
1.511005E+3	8.861281E-9
1.511024E+3	-3.158000E-8
1.511043E+3	8.861281E-9
1.511063E+3	4.930256E-8
1.511082E+3	8.861281E-9
1.511101E+3	-1.809957E-8
1.511120E+3	-4.619146E-9
1.511140E+3	3.582214E-8
1.511159E+3	-1.809957E-8
1.511178E+3	-1.809957E-8
1.511197E+3	-1.809957E-8
1.511217E+3	-1.809957E-8
1.511236E+3	-4.619146E-9
1.511255E+3	4.930256E-8
1.511274E+3	3.582214E-8
1.511294E+3	3.582214E-8
1.511313E+3	8.861281E-9
1.511332E+3	-1.809957E-8
1.511351E+3	3.582214E-8
1.511371E+3	4.930256E-8
1.511390E+3	-4.506043E-8
1.511409E+3	8.861281E-9
1.511428E+3	-4.619146E-9
1.511448E+3	3.582214E-8
1.511467E+3	3.582214E-8
1.511486E+3	8.861281E-9
1.511506E+3	-4.619146E-9
1.511525E+3	8.861281E-9
1.511544E+3	-4.619146E-9
1.511563E+3	2.234171E-8
1.511583E+3	3.582214E-8
1.511602E+3	-4.619146E-9
1.511621E+3	8.861281E-9
1.511640E+3	-4.619146E-9
1.511660E+3	3.582214E-8
1.511679E+3	-4.619146E-9
1.511698E+3	8.861281E-9
1.511717E+3	3.582214E-8
1.511737E+3	-1.809957E-8
1.511756E+3	8.861281E-9
1.511775E+3	3.582214E-8
1.511794E+3	-4.619146E-9
1.511814E+3	8.861281E-9
1.511833E+3	-1.809957E-8
1.511852E+3	8.861281E-9
1.511871E+3	2.234171E-8
1.511891E+3	-4.619146E-9
1.511910E+3	-1.809957E-8
1.511929E+3	-4.619146E-9
1.511948E+3	-1.809957E-8
1.511968E+3	-4.619146E-9
1.511987E+3	-3.158000E-8
1.512006E+3	8.861281E-9
1.512025E+3	2.234171E-8
1.512045E+3	-1.809957E-8
1.512064E+3	3.582214E-8
1.512083E+3	8.861281E-9
1.512102E+3	-3.158000E-8
1.512122E+3	8.861281E-9
1.512141E+3	-4.619146E-9
1.512160E+3	2.234171E-8
1.512179E+3	-4.619146E-9
1.512199E+3	-1.809957E-8
1.512218E+3	8.861281E-9
1.512237E+3	8.861281E-9
1.512256E+3	-4.619146E-9
1.512276E+3	-4.619146E-9
1.512295E+3	8.861281E-9
1.512314E+3	-4.619146E-9
1.512333E+3	-3.158000E-8
1.512353E+3	-4.619146E-9
1.512372E+3	8.861281E-9
1.512391E+3	8.861281E-9
1.512410E+3	3.582214E-8
1.512430E+3	2.234171E-8
1.512449E+3	-4.619146E-9
1.512468E+3	-4.619146E-9
1.512487E+3	2.234171E-8
1.512507E+3	2.234171E-8
1.512526E+3	3.582214E-8
1.512545E+3	-3.158000E-8
1.512564E+3	3.582214E-8
1.512584E+3	-3.158000E-8
1.512603E+3	2.234171E-8
1.512622E+3	-4.619146E-9
1.512641E+3	3.582214E-8
1.512661E+3	-1.809957E-8
1.512680E+3	4.930256E-8
1.512699E+3	-3.158000E-8
1.512719E+3	-4.619146E-9
1.512738E+3	3.582214E-8
1.512757E+3	3.582214E-8
1.512776E+3	8.861281E-9
1.512796E+3	-3.158000E-8
1.512815E+3	8.861281E-9
1.512834E+3	8.861281E-9
1.512853E+3	-4.506043E-8
1.512873E+3	-4.619146E-9
1.512892E+3	2.234171E-8
1.512911E+3	-4.619146E-9
1.512930E+3	-4.506043E-8
1.512950E+3	-4.619146E-9
1.512969E+3	8.861281E-9
1.512988E+3	-4.619146E-9
1.513007E+3	-3.158000E-8
1.513027E+3	3.582214E-8
1.513046E+3	3.582214E-8
1.513065E+3	-4.619146E-9
1.513084E+3	3.582214E-8
1.513104E+3	-4.619146E-9
1.513123E+3	8.861281E-9
1.513142E+3	3.582214E-8
1.513161E+3	2.234171E-8
1.513181E+3	8.861281E-9
1.513200E+3	-3.158000E-8
1.513219E+3	3.582214E-8
1.513238E+3	-1.809957E-8
1.513258E+3	-4.619146E-9
1.513277E+3	8.861281E-9
1.513296E+3	2.234171E-8
1.513315E+3	8.861281E-9
1.513335E+3	-3.158000E-8
1.513354E+3	-3.158000E-8
1.513373E+3	8.861281E-9
1.513392E+3	-4.619146E-9
1.513412E+3	8.861281E-9
1.513431E+3	2.234171E-8
1.513450E+3	3.582214E-8
1.513469E+3	3.582214E-8
1.513489E+3	3.582214E-8
1.513508E+3	3.582214E-8
1.513527E+3	-3.158000E-8
1.513546E+3	-4.506043E-8
1.513566E+3	8.861281E-9
1.513585E+3	2.234171E-8
1.513604E+3	8.861281E-9
1.513623E+3	8.861281E-9
1.513643E+3	3.582214E-8
1.513662E+3	2.234171E-8
1.513681E+3	-4.619146E-9
1.513700E+3	-4.619146E-9
1.513720E+3	-1.809957E-8
1.513739E+3	3.582214E-8
1.513758E+3	8.861281E-9
1.513777E+3	2.234171E-8
1.513797E+3	8.861281E-9
1.513816E+3	8.861281E-9
1.513835E+3	-3.158000E-8
1.513854E+3	8.861281E-9
1.513874E+3	8.861281E-9
1.513893E+3	-4.619146E-9
1.513912E+3	8.861281E-9
1.513931E+3	-4.619146E-9
1.513951E+3	-3.158000E-8
1.513970E+3	-1.809957E-8
1.513989E+3	8.861281E-9
1.514009E+3	8.861281E-9
1.514028E+3	-1.809957E-8
1.514047E+3	-3.158000E-8
1.514066E+3	4.930256E-8
1.514086E+3	8.861281E-9
1.514105E+3	8.861281E-9
1.514124E+3	2.234171E-8
1.514143E+3	-3.158000E-8
1.514163E+3	-1.809957E-8
1.514182E+3	-1.809957E-8
1.514201E+3	8.861281E-9
1.514220E+3	-4.619146E-9
1.514240E+3	8.861281E-9
1.514259E+3	-3.158000E-8
1.514278E+3	2.234171E-8
1.514297E+3	-4.619146E-9
1.514317E+3	2.234171E-8
1.514336E+3	8.861281E-9
1.514355E+3	-4.619146E-9
1.514374E+3	-1.809957E-8
1.514394E+3	3.582214E-8
1.514413E+3	4.930256E-8
1.514432E+3	-4.619146E-9
1.514451E+3	8.861281E-9
1.514471E+3	8.861281E-9
1.514490E+3	-3.158000E-8
1.514509E+3	-3.158000E-8
1.514528E+3	-4.619146E-9
1.514548E+3	-1.809957E-8
1.514567E+3	4.930256E-8
1.514586E+3	-3.158000E-8
1.514605E+3	3.582214E-8
1.514625E+3	3.582214E-8
1.514644E+3	-1.809957E-8
1.514663E+3	8.861281E-9
1.514682E+3	-3.158000E-8
1.514702E+3	2.234171E-8
1.514721E+3	-3.158000E-8
1.514740E+3	3.582214E-8
1.514759E+3	-3.158000E-8
1.514779E+3	8.861281E-9
1.514798E+3	-3.158000E-8
1.514817E+3	8.861281E-9
1.514836E+3	2.234171E-8
1.514856E+3	-4.506043E-8
1.514875E+3	2.234171E-8
1.514894E+3	-4.619146E-9
1.514913E+3	2.234171E-8
1.514933E+3	8.861281E-9
1.514952E+3	-3.158000E-8
1.514971E+3	-3.158000E-8
1.514990E+3	3.582214E-8
1.515010E+3	8.861281E-9
1.515029E+3	-3.158000E-8
1.515048E+3	8.861281E-9
1.515067E+3	-4.619146E-9
1.515087E+3	-1.809957E-8
1.515106E+3	-3.158000E-8
1.515125E+3	8.861281E-9
1.515144E+3	8.861281E-9
1.515164E+3	3.582214E-8
1.515183E+3	-3.158000E-8
1.515202E+3	-4.506043E-8
1.515221E+3	-4.619146E-9
1.515241E+3	3.582214E-8
1.515260E+3	-3.158000E-8
1.515279E+3	-3.158000E-8
1.515299E+3	8.861281E-9
1.515318E+3	8.861281E-9
1.515337E+3	-3.158000E-8
1.515356E+3	-1.809957E-8
1.515376E+3	-3.158000E-8
1.515395E+3	-4.619146E-9
1.515414E+3	2.234171E-8
1.515433E+3	-4.619146E-9
1.515453E+3	8.861281E-9
1.515472E+3	-4.619146E-9
1.515491E+3	2.234171E-8
1.515510E+3	4.930256E-8
1.515530E+3	-4.619146E-9
1.515549E+3	-3.158000E-8
1.515568E+3	-3.158000E-8
1.515587E+3	8.861281E-9
1.515607E+3	2.234171E-8
1.515626E+3	-4.619146E-9
1.515645E+3	2.234171E-8
1.515664E+3	-3.158000E-8
1.515684E+3	8.861281E-9
1.515703E+3	8.861281E-9
1.515722E+3	-4.619146E-9
1.515741E+3	8.861281E-9
1.515761E+3	-4.619146E-9
1.515780E+3	8.861281E-9
1.515799E+3	2.234171E-8
1.515818E+3	-4.619146E-9
1.515838E+3	-3.158000E-8
1.515857E+3	-1.809957E-8
1.515876E+3	-1.809957E-8
1.515895E+3	-4.619146E-9
1.515915E+3	-3.158000E-8
1.515934E+3	-1.809957E-8
1.515953E+3	8.861281E-9
1.515972E+3	-4.619146E-9
1.515992E+3	-4.506043E-8
1.516011E+3	-3.158000E-8
1.516030E+3	-3.158000E-8
1.516049E+3	-4.506043E-8
1.516069E+3	8.861281E-9
1.516088E+3	2.234171E-8
1.516107E+3	-4.619146E-9
1.516126E+3	-4.619146E-9
1.516146E+3	8.861281E-9
1.516165E+3	-3.158000E-8
1.516184E+3	-4.619146E-9
1.516203E+3	-4.619146E-9
1.516223E+3	-4.619146E-9
1.516242E+3	-4.619146E-9
1.516261E+3	-4.619146E-9
1.516280E+3	3.582214E-8
1.516300E+3	-4.619146E-9
1.516319E+3	-3.158000E-8
1.516338E+3	-4.506043E-8
1.516357E+3	3.582214E-8
1.516377E+3	-4.506043E-8
1.516396E+3	-4.619146E-9
1.516415E+3	8.861281E-9
1.516434E+3	-4.619146E-9
1.516454E+3	-4.506043E-8
1.516473E+3	-4.619146E-9
1.516492E+3	3.582214E-8
1.516511E+3	2.234171E-8
1.516531E+3	8.861281E-9
1.516550E+3	-3.158000E-8
1.516569E+3	-4.619146E-9
1.516589E+3	-4.506043E-8
1.516608E+3	-3.158000E-8
1.516627E+3	-4.506043E-8
1.516646E+3	8.861281E-9
1.516666E+3	-4.619146E-9
1.516685E+3	-3.158000E-8
1.516704E+3	8.861281E-9
1.516723E+3	-4.619146E-9
1.516743E+3	-3.158000E-8
1.516762E+3	-4.506043E-8
1.516781E+3	-4.619146E-9
1.516800E+3	-3.158000E-8
1.516820E+3	8.861281E-9
1.516839E+3	3.582214E-8
1.516858E+3	8.861281E-9
1.516877E+3	8.861281E-9
1.516897E+3	-4.506043E-8
1.516916E+3	-4.506043E-8
1.516935E+3	3.582214E-8
1.516954E+3	-4.506043E-8
1.516974E+3	-4.619146E-9
1.516993E+3	-3.158000E-8
1.517012E+3	8.861281E-9
1.517031E+3	3.582214E-8
1.517051E+3	-4.619146E-9
1.517070E+3	2.234171E-8
1.517089E+3	2.234171E-8
1.517108E+3	-4.619146E-9
1.517128E+3	2.234171E-8
1.517147E+3	3.582214E-8
1.517166E+3	-3.158000E-8
1.517185E+3	-1.809957E-8
1.517205E+3	-3.158000E-8
1.517224E+3	8.861281E-9
1.517243E+3	3.582214E-8
1.517262E+3	-4.619146E-9
1.517282E+3	2.234171E-8
1.517301E+3	2.234171E-8
1.517320E+3	-4.506043E-8
1.517339E+3	-4.619146E-9
1.517359E+3	-4.619146E-9
1.517378E+3	-4.619146E-9
1.517397E+3	-4.619146E-9
1.517416E+3	8.861281E-9
1.517436E+3	-4.619146E-9
1.517455E+3	8.861281E-9
1.517474E+3	-3.158000E-8
1.517493E+3	-4.619146E-9
1.517513E+3	8.861281E-9
1.517532E+3	2.234171E-8
1.517551E+3	-4.619146E-9
1.517570E+3	8.861281E-9
1.517590E+3	-4.619146E-9
1.517609E+3	3.582214E-8
1.517628E+3	8.861281E-9
1.517647E+3	3.582214E-8
1.517667E+3	-4.619146E-9
1.517686E+3	4.930256E-8
1.517705E+3	-1.809957E-8
1.517724E+3	-4.619146E-9
1.517744E+3	8.861281E-9
1.517763E+3	2.234171E-8
1.517782E+3	8.861281E-9
1.517801E+3	2.234171E-8
1.517821E+3	8.861281E-9
1.517840E+3	3.582214E-8
1.517859E+3	3.582214E-8
1.517879E+3	3.582214E-8
1.517898E+3	-4.619146E-9
1.517917E+3	8.861281E-9
1.517936E+3	3.582214E-8
1.517956E+3	3.582214E-8
1.517975E+3	-1.809957E-8
1.517994E+3	2.234171E-8
1.518013E+3	-4.619146E-9
1.518033E+3	-3.158000E-8
1.518052E+3	3.582214E-8
1.518071E+3	3.582214E-8
1.518090E+3	8.861281E-9
1.518110E+3	3.582214E-8
1.518129E+3	-4.619146E-9
1.518148E+3	-4.619146E-9
1.518167E+3	8.861281E-9
1.518187E+3	2.234171E-8
1.518206E+3	3.582214E-8
1.518225E+3	2.234171E-8
1.518244E+3	2.234171E-8
1.518264E+3	8.861281E-9
1.518283E+3	-1.809957E-8
1.518302E+3	-4.619146E-9
1.518321E+3	8.861281E-9
1.518341E+3	2.234171E-8
1.518360E+3	3.582214E-8
1.518379E+3	-1.809957E-8
1.518398E+3	8.861281E-9
1.518418E+3	8.861281E-9
1.518437E+3	8.861281E-9
1.518456E+3	8.861281E-9
1.518475E+3	-4.619146E-9
1.518495E+3	-4.619146E-9
1.518514E+3	-1.809957E-8
1.518533E+3	8.861281E-9
1.518552E+3	-4.619146E-9
1.518572E+3	-3.158000E-8
1.518591E+3	-1.809957E-8
1.518610E+3	-3.158000E-8
1.518629E+3	-1.809957E-8
1.518649E+3	8.861281E-9
1.518668E+3	-3.158000E-8
1.518687E+3	3.582214E-8
1.518706E+3	4.930256E-8
1.518726E+3	3.582214E-8
1.518745E+3	-1.809957E-8
1.518764E+3	-1.809957E-8
1.518783E+3	-1.809957E-8
1.518803E+3	-4.619146E-9
1.518822E+3	3.582214E-8
1.518841E+3	8.861281E-9
1.518860E+3	2.234171E-8
1.518880E+3	2.234171E-8
1.518899E+3	3.582214E-8
1.518918E+3	8.861281E-9
1.518937E+3	-3.158000E-8
1.518957E+3	-4.506043E-8
1.518976E+3	-3.158000E-8
1.518995E+3	8.861281E-9
1.519014E+3	-3.158000E-8
1.519034E+3	8.861281E-9
1.519053E+3	-1.809957E-8
1.519072E+3	-3.158000E-8
1.519092E+3	-4.506043E-8
1.519111E+3	3.582214E-8
1.519130E+3	-4.619146E-9
1.519149E+3	-4.619146E-9
1.519169E+3	-4.619146E-9
1.519188E+3	-3.158000E-8
1.519207E+3	2.234171E-8
1.519226E+3	3.582214E-8
1.519246E+3	2.234171E-8
1.519265E+3	-4.506043E-8
1.519284E+3	8.861281E-9
1.519303E+3	8.861281E-9
1.519323E+3	-4.619146E-9
1.519342E+3	8.861281E-9
1.519361E+3	-1.809957E-8
1.519380E+3	3.582214E-8
1.519400E+3	-3.158000E-8
1.519419E+3	-4.619146E-9
1.519438E+3	3.582214E-8
1.519457E+3	-3.158000E-8
1.519477E+3	8.861281E-9
1.519496E+3	-1.809957E-8
1.519515E+3	2.234171E-8
1.519534E+3	-4.619146E-9
1.519554E+3	2.234171E-8
1.519573E+3	8.861281E-9
1.519592E+3	-4.619146E-9
1.519611E+3	2.234171E-8
1.519631E+3	3.582214E-8
1.519650E+3	3.582214E-8
1.519669E+3	2.234171E-8
1.519688E+3	-1.809957E-8
1.519708E+3	-3.158000E-8
1.519727E+3	-3.158000E-8
1.519746E+3	-4.619146E-9
1.519765E+3	2.234171E-8
1.519785E+3	-4.619146E-9
1.519804E+3	3.582214E-8
1.519823E+3	8.861281E-9
1.519842E+3	-4.619146E-9
1.519862E+3	3.582214E-8
1.519881E+3	-3.158000E-8
1.519900E+3	-1.809957E-8
1.519919E+3	2.234171E-8
1.519939E+3	3.582214E-8
1.519958E+3	-1.809957E-8
1.519977E+3	-3.158000E-8
1.519996E+3	-4.619146E-9
1.520016E+3	8.861281E-9
1.520035E+3	8.861281E-9
1.520054E+3	3.582214E-8
1.520073E+3	-4.506043E-8
1.520093E+3	-1.809957E-8
1.520112E+3	2.234171E-8
1.520131E+3	2.234171E-8
1.520150E+3	-4.619146E-9
1.520170E+3	2.234171E-8
1.520189E+3	8.861281E-9
1.520208E+3	8.861281E-9
1.520227E+3	8.861281E-9
1.520247E+3	3.582214E-8
1.520266E+3	8.861281E-9
1.520285E+3	-4.619146E-9
1.520304E+3	-4.506043E-8
1.520324E+3	8.861281E-9
1.520343E+3	-3.158000E-8
1.520362E+3	8.861281E-9
1.520382E+3	-3.158000E-8
1.520401E+3	4.930256E-8
1.520420E+3	-3.158000E-8
1.520439E+3	8.861281E-9
1.520459E+3	-3.158000E-8
1.520478E+3	8.861281E-9
1.520497E+3	-4.619146E-9
1.520516E+3	3.582214E-8
1.520536E+3	2.234171E-8
1.520555E+3	-4.619146E-9
1.520574E+3	8.861281E-9
1.520593E+3	8.861281E-9
1.520613E+3	-3.158000E-8
1.520632E+3	8.861281E-9
1.520651E+3	8.861281E-9
1.520670E+3	8.861281E-9
1.520690E+3	-3.158000E-8
1.520709E+3	8.861281E-9
1.520728E+3	8.861281E-9
1.520747E+3	3.582214E-8
1.520767E+3	2.234171E-8
1.520786E+3	8.861281E-9
1.520805E+3	2.234171E-8
1.520824E+3	-4.619146E-9
1.520844E+3	3.582214E-8
1.520863E+3	-1.809957E-8
1.520882E+3	8.861281E-9
1.520901E+3	2.234171E-8
1.520921E+3	2.234171E-8
1.520940E+3	-4.506043E-8
1.520959E+3	-4.619146E-9
1.520978E+3	3.582214E-8
1.520998E+3	-3.158000E-8
1.521017E+3	-4.506043E-8
1.521036E+3	8.861281E-9
1.521055E+3	-4.619146E-9
1.521075E+3	2.234171E-8
1.521094E+3	-4.619146E-9
1.521113E+3	8.861281E-9
1.521132E+3	2.234171E-8
1.521152E+3	-4.619146E-9
1.521171E+3	-4.619146E-9
1.521190E+3	8.861281E-9
1.521209E+3	-3.158000E-8
1.521229E+3	-4.619146E-9
1.521248E+3	-4.619146E-9
1.521267E+3	3.582214E-8
1.521286E+3	-4.619146E-9
1.521306E+3	-3.158000E-8
1.521325E+3	-4.619146E-9
1.521344E+3	-4.619146E-9
1.521363E+3	2.234171E-8
1.521383E+3	-3.158000E-8
1.521402E+3	-1.809957E-8
1.521421E+3	-4.619146E-9
1.521440E+3	8.861281E-9
1.521460E+3	8.861281E-9
1.521479E+3	-3.158000E-8
1.521498E+3	-4.619146E-9
1.521517E+3	2.234171E-8
1.521537E+3	-3.158000E-8
1.521556E+3	2.234171E-8
1.521575E+3	-3.158000E-8
1.521594E+3	-1.809957E-8
1.521614E+3	8.861281E-9
1.521633E+3	2.234171E-8
1.521652E+3	8.861281E-9
1.521672E+3	3.582214E-8
1.521691E+3	8.861281E-9
1.521710E+3	-3.158000E-8
1.521729E+3	8.861281E-9
1.521749E+3	3.582214E-8
1.521768E+3	-3.158000E-8
1.521787E+3	8.861281E-9
1.521806E+3	-3.158000E-8
1.521826E+3	-1.809957E-8
1.521845E+3	-4.619146E-9
1.521864E+3	-4.619146E-9
1.521883E+3	-4.619146E-9
1.521903E+3	-4.619146E-9
1.521922E+3	-3.158000E-8
1.521941E+3	-4.619146E-9
1.521960E+3	2.234171E-8
1.521980E+3	2.234171E-8
1.521999E+3	8.861281E-9
1.522018E+3	-4.619146E-9
1.522037E+3	-3.158000E-8
1.522057E+3	-1.809957E-8
1.522076E+3	-4.619146E-9
1.522095E+3	-4.619146E-9
1.522114E+3	-3.158000E-8
1.522134E+3	-4.619146E-9
1.522153E+3	3.582214E-8
1.522172E+3	-4.506043E-8
1.522191E+3	-3.158000E-8
1.522211E+3	8.861281E-9
1.522230E+3	-4.619146E-9
1.522249E+3	-3.158000E-8
1.522268E+3	-4.506043E-8
1.522288E+3	-4.619146E-9
1.522307E+3	-4.619146E-9
1.522326E+3	8.861281E-9
1.522345E+3	-4.619146E-9
1.522365E+3	-4.619146E-9
1.522384E+3	8.861281E-9
1.522403E+3	-3.158000E-8
1.522422E+3	2.234171E-8
1.522442E+3	-4.619146E-9
1.522461E+3	8.861281E-9
1.522480E+3	-4.619146E-9
1.522499E+3	-3.158000E-8
1.522519E+3	-4.619146E-9
1.522538E+3	2.234171E-8
1.522557E+3	8.861281E-9
1.522576E+3	-4.619146E-9
1.522596E+3	8.861281E-9
1.522615E+3	8.861281E-9
1.522634E+3	-4.619146E-9
1.522653E+3	3.582214E-8
1.522673E+3	-3.158000E-8
1.522692E+3	-4.619146E-9
1.522711E+3	-4.619146E-9
1.522730E+3	-3.158000E-8
1.522750E+3	2.234171E-8
1.522769E+3	-1.809957E-8
1.522788E+3	8.861281E-9
1.522807E+3	8.861281E-9
1.522827E+3	2.234171E-8
1.522846E+3	-4.619146E-9
1.522865E+3	-3.158000E-8
1.522884E+3	-3.158000E-8
1.522904E+3	8.861281E-9
1.522923E+3	8.861281E-9
1.522942E+3	3.582214E-8
1.522962E+3	8.861281E-9
1.522981E+3	8.861281E-9
1.523000E+3	-3.158000E-8
1.523019E+3	-4.619146E-9
1.523039E+3	-4.619146E-9
1.523058E+3	3.582214E-8
1.523077E+3	-4.619146E-9
1.523096E+3	8.861281E-9
1.523116E+3	2.234171E-8
1.523135E+3	8.861281E-9
1.523154E+3	-1.809957E-8
1.523173E+3	-3.158000E-8
1.523193E+3	2.234171E-8
1.523212E+3	-4.506043E-8
1.523231E+3	3.582214E-8
1.523250E+3	-4.619146E-9
1.523270E+3	8.861281E-9
1.523289E+3	8.861281E-9
1.523308E+3	-1.809957E-8
1.523327E+3	-1.809957E-8
1.523347E+3	8.861281E-9
1.523366E+3	-4.619146E-9
1.523385E+3	8.861281E-9
1.523404E+3	8.861281E-9
1.523424E+3	-4.619146E-9
1.523443E+3	-4.619146E-9
1.523462E+3	-3.158000E-8
1.523481E+3	-4.619146E-9
1.523501E+3	2.234171E-8
1.523520E+3	-4.619146E-9
1.523539E+3	-4.619146E-9
1.523558E+3	-4.619146E-9
1.523578E+3	2.234171E-8
1.523597E+3	-3.158000E-8
1.523616E+3	3.582214E-8
1.523635E+3	-4.619146E-9
1.523655E+3	-4.619146E-9
1.523674E+3	8.861281E-9
1.523693E+3	-4.619146E-9
1.523712E+3	-3.158000E-8
1.523732E+3	8.861281E-9
1.523751E+3	-4.619146E-9
1.523770E+3	-4.619146E-9
1.523789E+3	8.861281E-9
1.523809E+3	3.582214E-8
1.523828E+3	2.234171E-8
1.523847E+3	3.582214E-8
1.523866E+3	3.582214E-8
1.523886E+3	8.861281E-9
1.523905E+3	-4.619146E-9
1.523924E+3	-3.158000E-8
1.523943E+3	3.582214E-8
1.523963E+3	2.234171E-8
1.523982E+3	2.234171E-8
1.524001E+3	8.861281E-9
1.524020E+3	-4.619146E-9
1.524040E+3	-4.619146E-9
1.524059E+3	2.234171E-8
1.524078E+3	2.234171E-8
1.524097E+3	8.861281E-9
1.524117E+3	3.582214E-8
1.524136E+3	-4.619146E-9
1.524155E+3	3.582214E-8
1.524174E+3	-3.158000E-8
1.524194E+3	-3.158000E-8
1.524213E+3	-1.809957E-8
1.524232E+3	8.861281E-9
1.524252E+3	-4.619146E-9
1.524271E+3	2.234171E-8
1.524290E+3	8.861281E-9
1.524309E+3	-4.619146E-9
1.524329E+3	-4.619146E-9
1.524348E+3	-4.619146E-9
1.524367E+3	3.582214E-8
1.524386E+3	3.582214E-8
1.524406E+3	-3.158000E-8
1.524425E+3	-3.158000E-8
1.524444E+3	-4.619146E-9
1.524463E+3	-3.158000E-8
1.524483E+3	8.861281E-9
1.524502E+3	-4.619146E-9
1.524521E+3	-3.158000E-8
1.524540E+3	2.234171E-8
1.524560E+3	-4.506043E-8
1.524579E+3	2.234171E-8
1.524598E+3	-4.619146E-9
1.524617E+3	-4.619146E-9
1.524637E+3	-4.619146E-9
1.524656E+3	8.861281E-9
1.524675E+3	-3.158000E-8
1.524694E+3	3.582214E-8
1.524714E+3	-3.158000E-8
1.524733E+3	-3.158000E-8
1.524752E+3	-3.158000E-8
1.524771E+3	8.861281E-9
1.524791E+3	-3.158000E-8
1.524810E+3	-3.158000E-8
1.524829E+3	3.582214E-8
1.524848E+3	8.861281E-9
1.524868E+3	4.930256E-8
1.524887E+3	8.861281E-9
1.524906E+3	-3.158000E-8
1.524925E+3	3.582214E-8
1.524945E+3	-4.619146E-9
1.524964E+3	2.234171E-8
