1.475000E+3	8.861281E-9
1.475019E+3	-4.619146E-9
1.475038E+3	8.861281E-9
1.475058E+3	8.861281E-9
1.475077E+3	8.861281E-9
1.475096E+3	3.582214E-8
1.475116E+3	2.234171E-8
1.475135E+3	-3.158000E-8
1.475154E+3	8.861281E-9
1.475173E+3	8.861281E-9
1.475193E+3	8.861281E-9
1.475212E+3	3.582214E-8
1.475231E+3	8.861281E-9
1.475250E+3	8.861281E-9
1.475270E+3	-3.158000E-8
1.475289E+3	8.861281E-9
1.475308E+3	-1.809957E-8
1.475327E+3	-4.619146E-9
1.475347E+3	-4.619146E-9
1.475366E+3	2.234171E-8
1.475385E+3	3.582214E-8
1.475404E+3	3.582214E-8
1.475424E+3	-3.158000E-8
1.475443E+3	3.582214E-8
1.475462E+3	-4.619146E-9
1.475481E+3	-1.809957E-8
1.475501E+3	8.861281E-9
1.475520E+3	8.861281E-9
1.475539E+3	-3.158000E-8
1.475558E+3	8.861281E-9
1.475578E+3	2.234171E-8
1.475597E+3	3.582214E-8
1.475616E+3	3.582214E-8
1.475635E+3	-4.619146E-9
1.475655E+3	3.582214E-8
1.475674E+3	3.582214E-8
1.475693E+3	3.582214E-8
1.475712E+3	-1.809957E-8
1.475732E+3	-1.809957E-8
1.475751E+3	2.234171E-8
1.475770E+3	2.234171E-8
1.475789E+3	3.582214E-8
1.475809E+3	2.234171E-8
1.475828E+3	8.861281E-9
1.475847E+3	2.234171E-8
1.475866E+3	2.234171E-8
1.475886E+3	2.234171E-8
1.475905E+3	-4.619146E-9
1.475924E+3	-3.158000E-8
1.475943E+3	8.861281E-9
1.475963E+3	3.582214E-8
1.475982E+3	-1.809957E-8
1.476001E+3	8.861281E-9
1.476020E+3	8.861281E-9
1.476040E+3	-1.809957E-8
1.476059E+3	-1.809957E-8
1.476078E+3	-4.619146E-9
1.476097E+3	-3.158000E-8
1.476117E+3	-4.619146E-9
1.476136E+3	-1.809957E-8
1.476155E+3	8.861281E-9
1.476174E+3	-4.619146E-9
1.476194E+3	-4.506043E-8
1.476213E+3	8.861281E-9
1.476232E+3	-3.158000E-8
1.476251E+3	8.861281E-9
1.476271E+3	-1.809957E-8
1.476290E+3	3.582214E-8
1.476309E+3	-3.158000E-8
1.476328E+3	3.582214E-8
1.476348E+3	-4.619146E-9
1.476367E+3	-1.809957E-8
1.476386E+3	-1.809957E-8
1.476405E+3	8.861281E-9
1.476425E+3	3.582214E-8
1.476444E+3	-3.158000E-8
1.476463E+3	3.582214E-8
1.476483E+3	-3.158000E-8
1.476502E+3	3.582214E-8
1.476521E+3	-1.809957E-8
1.476540E+3	-1.809957E-8
1.476560E+3	-3.158000E-8
1.476579E+3	-3.158000E-8
1.476598E+3	8.861281E-9
1.476617E+3	-3.158000E-8
1.476637E+3	-4.619146E-9
1.476656E+3	-3.158000E-8
1.476675E+3	-1.809957E-8
1.476694E+3	-1.809957E-8
1.476714E+3	2.234171E-8
1.476733E+3	-4.619146E-9
1.476752E+3	3.582214E-8
1.476771E+3	8.861281E-9
1.476791E+3	-1.809957E-8
1.476810E+3	2.234171E-8
1.476829E+3	3.582214E-8
1.476848E+3	8.861281E-9
1.476868E+3	-3.158000E-8
1.476887E+3	-4.619146E-9
1.476906E+3	-3.158000E-8
1.476925E+3	-3.158000E-8
1.476945E+3	2.234171E-8
1.476964E+3	8.861281E-9
1.476983E+3	8.861281E-9
1.477002E+3	-4.619146E-9
1.477022E+3	-3.158000E-8
1.477041E+3	-3.158000E-8
1.477060E+3	8.861281E-9
1.477079E+3	2.234171E-8
1.477099E+3	-4.619146E-9
1.477118E+3	8.861281E-9
1.477137E+3	2.234171E-8
1.477156E+3	2.234171E-8
1.477176E+3	8.861281E-9
1.477195E+3	-4.619146E-9
1.477214E+3	-4.619146E-9
1.477233E+3	3.582214E-8
1.477253E+3	3.582214E-8
1.477272E+3	-1.809957E-8
1.477291E+3	-3.158000E-8
1.477310E+3	-3.158000E-8
1.477330E+3	8.861281E-9
1.477349E+3	2.234171E-8
1.477368E+3	-1.809957E-8
1.477387E+3	8.861281E-9
1.477407E+3	8.861281E-9
1.477426E+3	2.234171E-8
1.477445E+3	-4.619146E-9
1.477464E+3	-3.158000E-8
1.477484E+3	3.582214E-8
1.477503E+3	8.861281E-9
1.477522E+3	-4.619146E-9
1.477541E+3	8.861281E-9
1.477561E+3	2.234171E-8
1.477580E+3	8.861281E-9
1.477599E+3	4.930256E-8
1.477618E+3	-3.158000E-8
1.477638E+3	-4.619146E-9
1.477657E+3	8.861281E-9
1.477676E+3	8.861281E-9
1.477695E+3	-3.158000E-8
1.477715E+3	-4.619146E-9
1.477734E+3	8.861281E-9
1.477753E+3	-4.619146E-9
1.477772E+3	-3.158000E-8
1.477792E+3	-4.619146E-9
1.477811E+3	8.861281E-9
1.477830E+3	-3.158000E-8
1.477849E+3	-4.619146E-9
1.477869E+3	8.861281E-9
1.477888E+3	8.861281E-9
1.477907E+3	8.861281E-9
1.477927E+3	-1.809957E-8
1.477946E+3	8.861281E-9
1.477965E+3	-4.619146E-9
1.477984E+3	2.234171E-8
1.478004E+3	-4.619146E-9
1.478023E+3	-4.619146E-9
1.478042E+3	-4.619146E-9
1.478061E+3	8.861281E-9
1.478081E+3	2.234171E-8
1.478100E+3	-3.158000E-8
1.478119E+3	3.582214E-8
1.478138E+3	3.582214E-8
1.478158E+3	-4.619146E-9
1.478177E+3	8.861281E-9
1.478196E+3	-4.619146E-9
1.478215E+3	3.582214E-8
1.478235E+3	-4.619146E-9
1.478254E+3	3.582214E-8
1.478273E+3	8.861281E-9
1.478292E+3	3.582214E-8
1.478312E+3	-4.619146E-9
1.478331E+3	8.861281E-9
1.478350E+3	-4.619146E-9
1.478369E+3	3.582214E-8
1.478389E+3	8.861281E-9
1.478408E+3	3.582214E-8
1.478427E+3	8.861281E-9
1.478446E+3	3.582214E-8
1.478466E+3	-4.619146E-9
1.478485E+3	8.861281E-9
1.478504E+3	-3.158000E-8
1.478523E+3	4.930256E-8
1.478543E+3	2.234171E-8
1.478562E+3	-4.619146E-9
1.478581E+3	-4.619146E-9
1.478600E+3	8.861281E-9
1.478620E+3	-4.619146E-9
1.478639E+3	-3.158000E-8
1.478658E+3	-3.158000E-8
1.478677E+3	8.861281E-9
1.478697E+3	4.930256E-8
1.478716E+3	-4.619146E-9
1.478735E+3	8.861281E-9
1.478754E+3	8.861281E-9
1.478774E+3	2.234171E-8
1.478793E+3	8.861281E-9
1.478812E+3	-3.158000E-8
1.478831E+3	-4.619146E-9
1.478851E+3	3.582214E-8
1.478870E+3	3.582214E-8
1.478889E+3	3.582214E-8
1.478908E+3	-4.619146E-9
1.478928E+3	3.582214E-8
1.478947E+3	-4.506043E-8
1.478966E+3	-4.619146E-9
1.478985E+3	2.234171E-8
1.479005E+3	-4.506043E-8
1.479024E+3	-4.619146E-9
1.479043E+3	8.861281E-9
1.479062E+3	-3.158000E-8
1.479082E+3	8.861281E-9
1.479101E+3	8.861281E-9
1.479120E+3	8.861281E-9
1.479139E+3	-1.809957E-8
1.479159E+3	2.234171E-8
1.479178E+3	-3.158000E-8
1.479197E+3	3.582214E-8
1.479216E+3	-1.809957E-8
1.479236E+3	-1.809957E-8
1.479255E+3	8.861281E-9
1.479274E+3	8.861281E-9
1.479294E+3	-4.619146E-9
1.479313E+3	8.861281E-9
1.479332E+3	-4.619146E-9
1.479351E+3	-4.619146E-9
1.479371E+3	-4.506043E-8
1.479390E+3	2.234171E-8
1.479409E+3	-4.619146E-9
1.479428E+3	8.861281E-9
1.479448E+3	-3.158000E-8
1.479467E+3	-1.809957E-8
1.479486E+3	-3.158000E-8
1.479505E+3	2.234171E-8
1.479525E+3	3.582214E-8
1.479544E+3	8.861281E-9
1.479563E+3	-4.619146E-9
1.479582E+3	8.861281E-9
1.479602E+3	8.861281E-9
1.479621E+3	4.930256E-8
1.479640E+3	8.861281E-9
1.479659E+3	3.582214E-8
1.479679E+3	-4.506043E-8
1.479698E+3	2.234171E-8
1.479717E+3	-4.619146E-9
1.479736E+3	8.861281E-9
1.479756E+3	-3.158000E-8
1.479775E+3	2.234171E-8
1.479794E+3	-3.158000E-8
1.479813E+3	-4.619146E-9
1.479833E+3	8.861281E-9
1.479852E+3	8.861281E-9
1.479871E+3	8.861281E-9
1.479890E+3	-4.619146E-9
1.479910E+3	-4.619146E-9
1.479929E+3	2.234171E-8
1.479948E+3	8.861281E-9
1.479967E+3	-3.158000E-8
1.479987E+3	-4.619146E-9
1.480006E+3	4.930256E-8
1.480025E+3	3.582214E-8
1.480044E+3	8.861281E-9
1.480064E+3	-1.809957E-8
1.480083E+3	-3.158000E-8
1.480102E+3	2.234171E-8
1.480121E+3	-1.809957E-8
1.480141E+3	-4.619146E-9
1.480160E+3	8.861281E-9
1.480179E+3	-4.619146E-9
1.480198E+3	-4.619146E-9
1.480218E+3	3.582214E-8
1.480237E+3	3.582214E-8
1.480256E+3	-3.158000E-8
1.480275E+3	3.582214E-8
1.480295E+3	-4.619146E-9
1.480314E+3	8.861281E-9
1.480333E+3	-1.809957E-8
1.480352E+3	2.234171E-8
1.480372E+3	-3.158000E-8
1.480391E+3	8.861281E-9
1.480410E+3	-4.619146E-9
1.480429E+3	-4.619146E-9
1.480449E+3	8.861281E-9
1.480468E+3	3.582214E-8
1.480487E+3	-3.158000E-8
1.480506E+3	3.582214E-8
1.480526E+3	-3.158000E-8
1.480545E+3	-4.619146E-9
1.480564E+3	8.861281E-9
1.480583E+3	3.582214E-8
1.480603E+3	-4.619146E-9
1.480622E+3	-1.809957E-8
1.480641E+3	8.861281E-9
1.480660E+3	2.234171E-8
1.480680E+3	2.234171E-8
1.480699E+3	-4.619146E-9
1.480718E+3	-1.809957E-8
1.480738E+3	3.582214E-8
1.480757E+3	8.861281E-9
1.480776E+3	-3.158000E-8
1.480795E+3	-1.809957E-8
1.480815E+3	-4.619146E-9
1.480834E+3	-4.619146E-9
1.480853E+3	3.582214E-8
1.480872E+3	-3.158000E-8
1.480892E+3	3.582214E-8
1.480911E+3	-3.158000E-8
1.480930E+3	3.582214E-8
1.480949E+3	8.861281E-9
1.480969E+3	8.861281E-9
1.480988E+3	-4.619146E-9
1.481007E+3	8.861281E-9
1.481026E+3	-3.158000E-8
1.481046E+3	-4.619146E-9
1.481065E+3	-1.809957E-8
1.481084E+3	2.234171E-8
1.481103E+3	3.582214E-8
1.481123E+3	-4.619146E-9
1.481142E+3	-1.809957E-8
1.481161E+3	-4.619146E-9
1.481180E+3	3.582214E-8
1.481200E+3	-4.619146E-9
1.481219E+3	3.582214E-8
1.481238E+3	-3.158000E-8
1.481257E+3	-3.158000E-8
1.481277E+3	-1.809957E-8
1.481296E+3	8.861281E-9
1.481315E+3	-3.158000E-8
1.481334E+3	-4.619146E-9
1.481354E+3	-4.619146E-9
1.481373E+3	-1.809957E-8
1.481392E+3	8.861281E-9
1.481411E+3	8.861281E-9
1.481431E+3	-4.619146E-9
1.481450E+3	-1.809957E-8
1.481469E+3	8.861281E-9
1.481488E+3	8.861281E-9
1.481508E+3	8.861281E-9
1.481527E+3	-4.619146E-9
1.481546E+3	-3.158000E-8
1.481565E+3	8.861281E-9
1.481585E+3	8.861281E-9
1.481604E+3	-3.158000E-8
1.481623E+3	3.582214E-8
1.481642E+3	3.582214E-8
1.481662E+3	-1.809957E-8
1.481681E+3	-1.809957E-8
1.481700E+3	-3.158000E-8
1.481719E+3	-3.158000E-8
1.481739E+3	-4.619146E-9
1.481758E+3	3.582214E-8
1.481777E+3	3.582214E-8
1.481796E+3	-4.619146E-9
1.481816E+3	-4.619146E-9
1.481835E+3	8.861281E-9
1.481854E+3	-3.158000E-8
1.481873E+3	-4.619146E-9
1.481893E+3	2.234171E-8
1.481912E+3	3.582214E-8
1.481931E+3	3.582214E-8
1.481950E+3	-4.619146E-9
1.481970E+3	8.861281E-9
1.481989E+3	8.861281E-9
1.482008E+3	8.861281E-9
1.482027E+3	-4.619146E-9
1.482047E+3	8.861281E-9
1.482066E+3	-4.619146E-9
1.482085E+3	3.582214E-8
1.482105E+3	3.582214E-8
1.482124E+3	8.861281E-9
1.482143E+3	-3.158000E-8
1.482162E+3	-4.619146E-9
1.482182E+3	8.861281E-9
1.482201E+3	-4.619146E-9
1.482220E+3	2.234171E-8
1.482239E+3	4.930256E-8
1.482259E+3	8.861281E-9
1.482278E+3	-4.619146E-9
1.482297E+3	-4.506043E-8
1.482316E+3	8.861281E-9
1.482336E+3	-4.619146E-9
1.482355E+3	8.861281E-9
1.482374E+3	8.861281E-9
1.482393E+3	-1.809957E-8
1.482413E+3	8.861281E-9
1.482432E+3	-4.619146E-9
1.482451E+3	8.861281E-9
1.482470E+3	-1.809957E-8
1.482490E+3	3.582214E-8
1.482509E+3	2.234171E-8
1.482528E+3	8.861281E-9
1.482547E+3	2.234171E-8
1.482567E+3	-4.619146E-9
1.482586E+3	-4.619146E-9
1.482605E+3	-4.619146E-9
1.482624E+3	8.861281E-9
1.482644E+3	3.582214E-8
1.482663E+3	8.861281E-9
1.482682E+3	-4.619146E-9
1.482701E+3	-3.158000E-8
1.482721E+3	8.861281E-9
1.482740E+3	-3.158000E-8
1.482759E+3	8.861281E-9
1.482778E+3	3.582214E-8
1.482798E+3	8.861281E-9
1.482817E+3	8.861281E-9
1.482836E+3	-4.619146E-9
1.482855E+3	-3.158000E-8
1.482875E+3	8.861281E-9
1.482894E+3	-1.809957E-8
1.482913E+3	-3.158000E-8
1.482932E+3	-4.619146E-9
1.482952E+3	-1.809957E-8
1.482971E+3	2.234171E-8
1.482990E+3	-1.809957E-8
1.483009E+3	8.861281E-9
1.483029E+3	3.582214E-8
1.483048E+3	8.861281E-9
1.483067E+3	2.234171E-8
1.483086E+3	-4.619146E-9
1.483106E+3	8.861281E-9
1.483125E+3	-4.619146E-9
1.483144E+3	8.861281E-9
1.483163E+3	2.234171E-8
1.483183E+3	8.861281E-9
1.483202E+3	-4.619146E-9
1.483221E+3	-1.809957E-8
1.483240E+3	3.582214E-8
1.483260E+3	-1.809957E-8
1.483279E+3	-4.619146E-9
1.483298E+3	-4.619146E-9
1.483317E+3	-3.158000E-8
1.483337E+3	8.861281E-9
1.483356E+3	2.234171E-8
1.483375E+3	2.234171E-8
1.483394E+3	3.582214E-8
1.483414E+3	8.861281E-9
1.483433E+3	-1.809957E-8
1.483452E+3	8.861281E-9
1.483472E+3	3.582214E-8
1.483491E+3	2.234171E-8
1.483510E+3	-4.506043E-8
1.483529E+3	-4.619146E-9
1.483549E+3	-1.809957E-8
1.483568E+3	-4.619146E-9
1.483587E+3	-4.619146E-9
1.483606E+3	-3.158000E-8
1.483626E+3	8.861281E-9
1.483645E+3	8.861281E-9
1.483664E+3	2.234171E-8
1.483683E+3	-4.619146E-9
1.483703E+3	-3.158000E-8
1.483722E+3	-1.809957E-8
1.483741E+3	8.861281E-9
1.483760E+3	-1.809957E-8
1.483780E+3	8.861281E-9
1.483799E+3	8.861281E-9
1.483818E+3	-3.158000E-8
1.483837E+3	-3.158000E-8
1.483857E+3	8.861281E-9
1.483876E+3	-1.809957E-8
1.483895E+3	3.582214E-8
1.483914E+3	8.861281E-9
1.483934E+3	8.861281E-9
1.483953E+3	2.234171E-8
1.483972E+3	3.582214E-8
1.483991E+3	3.582214E-8
1.484011E+3	-1.809957E-8
1.484030E+3	2.234171E-8
1.484049E+3	8.861281E-9
1.484068E+3	-4.619146E-9
1.484088E+3	-1.809957E-8
1.484107E+3	3.582214E-8
1.484126E+3	8.861281E-9
1.484145E+3	-3.158000E-8
1.484165E+3	-1.809957E-8
1.484184E+3	3.582214E-8
1.484203E+3	2.234171E-8
1.484222E+3	8.861281E-9
1.484242E+3	8.861281E-9
1.484261E+3	-4.619146E-9
1.484280E+3	8.861281E-9
1.484299E+3	3.582214E-8
1.484319E+3	-1.809957E-8
1.484338E+3	-4.619146E-9
1.484357E+3	8.861281E-9
1.484376E+3	-4.619146E-9
1.484396E+3	-4.619146E-9
1.484415E+3	-4.619146E-9
1.484434E+3	8.861281E-9
1.484453E+3	3.582214E-8
1.484473E+3	3.582214E-8
1.484492E+3	3.582214E-8
1.484511E+3	-3.158000E-8
1.484530E+3	-3.158000E-8
1.484550E+3	2.234171E-8
1.484569E+3	8.861281E-9
1.484588E+3	8.861281E-9
1.484607E+3	-4.619146E-9
1.484627E+3	8.861281E-9
1.484646E+3	3.582214E-8
1.484665E+3	-3.158000E-8
1.484684E+3	-1.809957E-8
1.484704E+3	-4.619146E-9
1.484723E+3	3.582214E-8
1.484742E+3	2.234171E-8
1.484761E+3	2.234171E-8
1.484781E+3	8.861281E-9
1.484800E+3	-4.619146E-9
1.484819E+3	-1.809957E-8
1.484838E+3	-4.619146E-9
1.484858E+3	2.234171E-8
1.484877E+3	-3.158000E-8
1.484896E+3	3.582214E-8
1.484916E+3	8.861281E-9
1.484935E+3	3.582214E-8
1.484954E+3	-4.619146E-9
1.484973E+3	-1.809957E-8
1.484993E+3	4.930256E-8
1.485012E+3	3.582214E-8
1.485031E+3	-4.619146E-9
1.485050E+3	8.861281E-9
1.485070E+3	-4.619146E-9
1.485089E+3	2.234171E-8
1.485108E+3	8.861281E-9
1.485127E+3	8.861281E-9
1.485147E+3	-4.619146E-9
1.485166E+3	4.930256E-8
1.485185E+3	-3.158000E-8
1.485204E+3	8.861281E-9
1.485224E+3	8.861281E-9
1.485243E+3	-1.809957E-8
1.485262E+3	2.234171E-8
1.485281E+3	2.234171E-8
1.485301E+3	8.861281E-9
1.485320E+3	-4.619146E-9
1.485339E+3	8.861281E-9
1.485358E+3	-4.619146E-9
1.485378E+3	3.582214E-8
1.485397E+3	-3.158000E-8
1.485416E+3	-3.158000E-8
1.485435E+3	-4.619146E-9
1.485455E+3	8.861281E-9
1.485474E+3	-3.158000E-8
1.485493E+3	-4.619146E-9
1.485512E+3	-4.619146E-9
1.485532E+3	-4.619146E-9
1.485551E+3	-4.619146E-9
1.485570E+3	8.861281E-9
1.485589E+3	8.861281E-9
1.485609E+3	3.582214E-8
1.485628E+3	-4.619146E-9
1.485647E+3	3.582214E-8
1.485666E+3	8.861281E-9
1.485686E+3	-1.809957E-8
1.485705E+3	-4.619146E-9
1.485724E+3	8.861281E-9
1.485743E+3	3.582214E-8
1.485763E+3	3.582214E-8
1.485782E+3	6.278299E-8
1.485801E+3	8.861281E-9
1.485820E+3	3.582214E-8
1.485840E+3	8.861281E-9
1.485859E+3	-4.619146E-9
1.485878E+3	8.861281E-9
1.485897E+3	8.861281E-9
1.485917E+3	8.861281E-9
1.485936E+3	8.861281E-9
1.485955E+3	-4.619146E-9
1.485974E+3	3.582214E-8
1.485994E+3	-3.158000E-8
1.486013E+3	-4.619146E-9
1.486032E+3	-3.158000E-8
1.486051E+3	-3.158000E-8
1.486071E+3	-1.809957E-8
1.486090E+3	8.861281E-9
1.486109E+3	8.861281E-9
1.486128E+3	-3.158000E-8
1.486148E+3	3.582214E-8
1.486167E+3	2.234171E-8
1.486186E+3	-4.619146E-9
1.486205E+3	3.582214E-8
1.486225E+3	3.582214E-8
1.486244E+3	2.234171E-8
1.486263E+3	2.234171E-8
1.486283E+3	3.582214E-8
1.486302E+3	-1.809957E-8
1.486321E+3	3.582214E-8
1.486340E+3	8.861281E-9
1.486360E+3	3.582214E-8
1.486379E+3	-3.158000E-8
1.486398E+3	8.861281E-9
1.486417E+3	-3.158000E-8
1.486437E+3	-3.158000E-8
1.486456E+3	-4.619146E-9
1.486475E+3	-4.619146E-9
1.486494E+3	-3.158000E-8
1.486514E+3	-1.809957E-8
1.486533E+3	-3.158000E-8
1.486552E+3	-3.158000E-8
1.486571E+3	-3.158000E-8
1.486591E+3	-4.619146E-9
1.486610E+3	-4.619146E-9
1.486629E+3	8.861281E-9
1.486648E+3	8.861281E-9
1.486668E+3	8.861281E-9
1.486687E+3	-4.619146E-9
1.486706E+3	8.861281E-9
1.486725E+3	-4.506043E-8
1.486745E+3	-4.619146E-9
1.486764E+3	8.861281E-9
1.486783E+3	8.861281E-9
1.486802E+3	-4.619146E-9
1.486822E+3	8.861281E-9
1.486841E+3	-1.809957E-8
1.486860E+3	-3.158000E-8
1.486879E+3	-3.158000E-8
1.486899E+3	3.582214E-8
1.486918E+3	-4.619146E-9
1.486937E+3	4.930256E-8
1.486956E+3	-3.158000E-8
1.486976E+3	3.582214E-8
1.486995E+3	2.234171E-8
1.487014E+3	-1.809957E-8
1.487033E+3	2.234171E-8
1.487053E+3	3.582214E-8
1.487072E+3	-1.809957E-8
1.487091E+3	-3.158000E-8
1.487110E+3	-4.619146E-9
1.487130E+3	3.582214E-8
1.487149E+3	8.861281E-9
1.487168E+3	-3.158000E-8
1.487187E+3	-4.619146E-9
1.487207E+3	-4.619146E-9
1.487226E+3	8.861281E-9
1.487245E+3	3.582214E-8
1.487264E+3	8.861281E-9
1.487284E+3	2.234171E-8
1.487303E+3	8.861281E-9
1.487322E+3	-3.158000E-8
1.487341E+3	-3.158000E-8
1.487361E+3	8.861281E-9
1.487380E+3	8.861281E-9
1.487399E+3	3.582214E-8
1.487418E+3	2.234171E-8
1.487438E+3	8.861281E-9
1.487457E+3	-4.619146E-9
1.487476E+3	-1.809957E-8
1.487495E+3	-1.809957E-8
1.487515E+3	-4.506043E-8
1.487534E+3	-4.506043E-8
1.487553E+3	-1.809957E-8
1.487572E+3	8.861281E-9
1.487592E+3	-1.809957E-8
1.487611E+3	8.861281E-9
1.487630E+3	3.582214E-8
1.487650E+3	8.861281E-9
1.487669E+3	-3.158000E-8
1.487688E+3	-4.619146E-9
1.487707E+3	2.234171E-8
1.487727E+3	2.234171E-8
1.487746E+3	8.861281E-9
1.487765E+3	-4.506043E-8
1.487784E+3	2.234171E-8
1.487804E+3	3.582214E-8
1.487823E+3	-3.158000E-8
1.487842E+3	3.582214E-8
1.487861E+3	-1.809957E-8
1.487881E+3	-4.506043E-8
1.487900E+3	3.582214E-8
1.487919E+3	2.234171E-8
1.487938E+3	-3.158000E-8
1.487958E+3	-4.619146E-9
1.487977E+3	-4.619146E-9
1.487996E+3	2.234171E-8
1.488015E+3	8.861281E-9
1.488035E+3	-1.809957E-8
1.488054E+3	8.861281E-9
1.488073E+3	8.861281E-9
1.488092E+3	8.861281E-9
1.488112E+3	-3.158000E-8
1.488131E+3	8.861281E-9
1.488150E+3	-1.809957E-8
1.488169E+3	2.234171E-8
1.488189E+3	8.861281E-9
1.488208E+3	2.234171E-8
1.488227E+3	-4.619146E-9
1.488246E+3	-1.809957E-8
1.488266E+3	-3.158000E-8
1.488285E+3	-4.506043E-8
1.488304E+3	-1.809957E-8
1.488323E+3	3.582214E-8
1.488343E+3	3.582214E-8
1.488362E+3	8.861281E-9
1.488381E+3	-4.619146E-9
1.488400E+3	-1.809957E-8
1.488420E+3	-4.619146E-9
1.488439E+3	8.861281E-9
1.488458E+3	-3.158000E-8
1.488477E+3	-3.158000E-8
1.488497E+3	-3.158000E-8
1.488516E+3	2.234171E-8
1.488535E+3	8.861281E-9
1.488554E+3	-3.158000E-8
1.488574E+3	-4.619146E-9
1.488593E+3	2.234171E-8
1.488612E+3	-3.158000E-8
1.488631E+3	8.861281E-9
1.488651E+3	3.582214E-8
1.488670E+3	8.861281E-9
1.488689E+3	-4.619146E-9
1.488708E+3	8.861281E-9
1.488728E+3	3.582214E-8
1.488747E+3	2.234171E-8
1.488766E+3	-4.619146E-9
1.488785E+3	8.861281E-9
1.488805E+3	4.930256E-8
1.488824E+3	3.582214E-8
1.488843E+3	-3.158000E-8
1.488862E+3	3.582214E-8
1.488882E+3	8.861281E-9
1.488901E+3	-3.158000E-8
1.488920E+3	-3.158000E-8
1.488939E+3	8.861281E-9
1.488959E+3	8.861281E-9
1.488978E+3	8.861281E-9
1.488997E+3	8.861281E-9
1.489016E+3	3.582214E-8
1.489036E+3	2.234171E-8
1.489055E+3	-1.809957E-8
1.489074E+3	-1.809957E-8
1.489094E+3	8.861281E-9
1.489113E+3	8.861281E-9
1.489132E+3	3.582214E-8
1.489151E+3	8.861281E-9
1.489171E+3	-4.619146E-9
1.489190E+3	4.930256E-8
1.489209E+3	-1.809957E-8
1.489228E+3	8.861281E-9
1.489248E+3	2.234171E-8
1.489267E+3	2.234171E-8
1.489286E+3	8.861281E-9
1.489305E+3	8.861281E-9
1.489325E+3	3.582214E-8
1.489344E+3	4.930256E-8
1.489363E+3	3.582214E-8
1.489382E+3	2.234171E-8
1.489402E+3	4.930256E-8
1.489421E+3	8.861281E-9
1.489440E+3	3.582214E-8
1.489459E+3	-1.809957E-8
1.489479E+3	-4.619146E-9
1.489498E+3	4.930256E-8
1.489517E+3	-3.158000E-8
1.489536E+3	2.234171E-8
1.489556E+3	2.234171E-8
1.489575E+3	-1.809957E-8
1.489594E+3	3.582214E-8
1.489613E+3	-4.619146E-9
1.489633E+3	2.234171E-8
1.489652E+3	2.234171E-8
1.489671E+3	8.861281E-9
1.489690E+3	3.582214E-8
1.489710E+3	2.234171E-8
1.489729E+3	-3.158000E-8
1.489748E+3	2.234171E-8
1.489767E+3	2.234171E-8
1.489787E+3	-1.809957E-8
1.489806E+3	3.582214E-8
1.489825E+3	-1.809957E-8
1.489844E+3	-4.619146E-9
1.489864E+3	2.234171E-8
1.489883E+3	8.861281E-9
1.489902E+3	8.861281E-9
1.489921E+3	-4.506043E-8
1.489941E+3	-4.619146E-9
1.489960E+3	-1.809957E-8
1.489979E+3	-1.809957E-8
1.489998E+3	-4.619146E-9
1.490018E+3	8.861281E-9
1.490037E+3	2.234171E-8
1.490056E+3	8.861281E-9
1.490075E+3	8.861281E-9
1.490095E+3	8.861281E-9
1.490114E+3	-3.158000E-8
1.490133E+3	4.930256E-8
1.490152E+3	3.582214E-8
1.490172E+3	-1.809957E-8
1.490191E+3	-3.158000E-8
1.490210E+3	-4.619146E-9
1.490229E+3	8.861281E-9
1.490249E+3	-3.158000E-8
1.490268E+3	8.861281E-9
1.490287E+3	2.234171E-8
1.490306E+3	-3.158000E-8
1.490326E+3	3.582214E-8
1.490345E+3	-4.619146E-9
1.490364E+3	8.861281E-9
1.490383E+3	-4.506043E-8
1.490403E+3	8.861281E-9
1.490422E+3	-1.809957E-8
1.490441E+3	-3.158000E-8
1.490461E+3	4.930256E-8
1.490480E+3	-1.809957E-8
1.490499E+3	-3.158000E-8
1.490518E+3	8.861281E-9
1.490538E+3	3.582214E-8
1.490557E+3	-4.619146E-9
1.490576E+3	-3.158000E-8
1.490595E+3	-1.809957E-8
1.490615E+3	3.582214E-8
1.490634E+3	-1.809957E-8
1.490653E+3	2.234171E-8
1.490672E+3	-4.506043E-8
1.490692E+3	-3.158000E-8
1.490711E+3	-4.619146E-9
1.490730E+3	-4.506043E-8
1.490749E+3	8.861281E-9
1.490769E+3	8.861281E-9
1.490788E+3	3.582214E-8
1.490807E+3	-3.158000E-8
1.490826E+3	3.582214E-8
1.490846E+3	-4.506043E-8
1.490865E+3	-3.158000E-8
1.490884E+3	3.582214E-8
1.490903E+3	-1.809957E-8
1.490923E+3	4.930256E-8
1.490942E+3	8.861281E-9
1.490961E+3	4.930256E-8
1.490980E+3	2.234171E-8
1.491000E+3	-1.809957E-8
1.491019E+3	4.930256E-8
1.491038E+3	4.930256E-8
1.491057E+3	4.930256E-8
1.491077E+3	8.861281E-9
1.491096E+3	2.234171E-8
1.491115E+3	-4.619146E-9
1.491134E+3	8.861281E-9
1.491154E+3	8.861281E-9
1.491173E+3	8.861281E-9
1.491192E+3	2.234171E-8
1.491211E+3	-1.809957E-8
1.491231E+3	8.861281E-9
1.491250E+3	4.930256E-8
1.491269E+3	4.930256E-8
1.491288E+3	8.861281E-9
1.491308E+3	4.930256E-8
1.491327E+3	8.861281E-9
1.491346E+3	8.861281E-9
1.491365E+3	3.582214E-8
1.491385E+3	-3.158000E-8
1.491404E+3	-4.619146E-9
1.491423E+3	-3.158000E-8
1.491442E+3	8.861281E-9
1.491462E+3	-4.619146E-9
1.491481E+3	2.234171E-8
1.491500E+3	-4.619146E-9
1.491519E+3	8.861281E-9
1.491539E+3	-1.809957E-8
1.491558E+3	3.582214E-8
1.491577E+3	2.234171E-8
1.491596E+3	8.861281E-9
1.491616E+3	8.861281E-9
1.491635E+3	8.861281E-9
1.491654E+3	-4.619146E-9
1.491673E+3	-3.158000E-8
1.491693E+3	-3.158000E-8
1.491712E+3	3.582214E-8
1.491731E+3	8.861281E-9
1.491750E+3	4.930256E-8
1.491770E+3	2.234171E-8
1.491789E+3	4.930256E-8
1.491808E+3	4.930256E-8
1.491827E+3	4.930256E-8
1.491847E+3	8.861281E-9
1.491866E+3	-4.619146E-9
1.491885E+3	8.861281E-9
1.491905E+3	-4.619146E-9
1.491924E+3	-4.619146E-9
1.491943E+3	-1.809957E-8
1.491962E+3	3.582214E-8
1.491982E+3	-1.809957E-8
1.492001E+3	-4.619146E-9
1.492020E+3	8.861281E-9
1.492039E+3	8.861281E-9
1.492059E+3	-1.809957E-8
1.492078E+3	8.861281E-9
1.492097E+3	8.861281E-9
1.492116E+3	3.582214E-8
1.492136E+3	-4.619146E-9
1.492155E+3	2.234171E-8
1.492174E+3	8.861281E-9
1.492193E+3	-4.619146E-9
1.492213E+3	-1.809957E-8
1.492232E+3	8.861281E-9
1.492251E+3	8.861281E-9
1.492270E+3	7.626342E-8
1.492290E+3	8.861281E-9
1.492309E+3	6.278299E-8
1.492328E+3	-4.619146E-9
1.492347E+3	2.234171E-8
1.492367E+3	8.861281E-9
1.492386E+3	3.582214E-8
1.492405E+3	2.234171E-8
1.492424E+3	3.582214E-8
1.492444E+3	8.861281E-9
1.492463E+3	2.234171E-8
1.492482E+3	6.278299E-8
1.492501E+3	-4.619146E-9
1.492521E+3	2.234171E-8
1.492540E+3	3.582214E-8
1.492559E+3	2.234171E-8
1.492578E+3	-4.619146E-9
1.492598E+3	3.582214E-8
1.492617E+3	-4.619146E-9
1.492636E+3	8.861281E-9
1.492655E+3	2.234171E-8
1.492675E+3	8.861281E-9
1.492694E+3	3.582214E-8
1.492713E+3	-3.158000E-8
1.492732E+3	3.582214E-8
1.492752E+3	-4.619146E-9
1.492771E+3	8.861281E-9
1.492790E+3	8.861281E-9
1.492809E+3	2.234171E-8
1.492829E+3	-4.619146E-9
1.492848E+3	4.930256E-8
1.492867E+3	3.582214E-8
1.492886E+3	2.234171E-8
1.492906E+3	-3.158000E-8
1.492925E+3	8.861281E-9
1.492944E+3	2.234171E-8
1.492963E+3	4.930256E-8
1.492983E+3	3.582214E-8
1.493002E+3	-1.809957E-8
1.493021E+3	3.582214E-8
1.493040E+3	8.861281E-9
1.493060E+3	6.278299E-8
1.493079E+3	8.861281E-9
1.493098E+3	-4.619146E-9
1.493117E+3	2.234171E-8
1.493137E+3	6.278299E-8
1.493156E+3	8.861281E-9
1.493175E+3	2.234171E-8
1.493194E+3	-4.619146E-9
1.493214E+3	6.278299E-8
1.493233E+3	3.582214E-8
1.493252E+3	2.234171E-8
1.493272E+3	2.234171E-8
1.493291E+3	-4.619146E-9
1.493310E+3	2.234171E-8
1.493329E+3	8.861281E-9
1.493349E+3	2.234171E-8
1.493368E+3	6.278299E-8
1.493387E+3	8.861281E-9
1.493406E+3	8.861281E-9
1.493426E+3	8.861281E-9
1.493445E+3	-4.619146E-9
1.493464E+3	8.861281E-9
1.493483E+3	3.582214E-8
1.493503E+3	2.234171E-8
1.493522E+3	-1.809957E-8
1.493541E+3	3.582214E-8
1.493560E+3	3.582214E-8
1.493580E+3	-1.809957E-8
1.493599E+3	3.582214E-8
1.493618E+3	-4.619146E-9
1.493637E+3	-4.619146E-9
1.493657E+3	-4.619146E-9
1.493676E+3	2.234171E-8
1.493695E+3	-4.619146E-9
1.493714E+3	3.582214E-8
1.493734E+3	-4.619146E-9
1.493753E+3	8.861281E-9
1.493772E+3	8.861281E-9
1.493791E+3	-4.619146E-9
1.493811E+3	2.234171E-8
1.493830E+3	3.582214E-8
1.493849E+3	3.582214E-8
1.493868E+3	3.582214E-8
1.493888E+3	-4.619146E-9
1.493907E+3	8.861281E-9
1.493926E+3	3.582214E-8
1.493945E+3	2.234171E-8
1.493965E+3	8.861281E-9
1.493984E+3	2.234171E-8
1.494003E+3	8.861281E-9
1.494022E+3	-3.158000E-8
1.494042E+3	4.930256E-8
1.494061E+3	8.861281E-9
1.494080E+3	-4.619146E-9
1.494099E+3	-1.809957E-8
1.494119E+3	-3.158000E-8
1.494138E+3	8.861281E-9
1.494157E+3	-4.619146E-9
1.494176E+3	-4.619146E-9
1.494196E+3	8.861281E-9
1.494215E+3	-4.619146E-9
1.494234E+3	8.861281E-9
1.494253E+3	3.582214E-8
1.494273E+3	8.861281E-9
1.494292E+3	8.861281E-9
1.494311E+3	2.234171E-8
1.494330E+3	8.861281E-9
1.494350E+3	8.861281E-9
1.494369E+3	-1.809957E-8
1.494388E+3	-3.158000E-8
1.494407E+3	3.582214E-8
1.494427E+3	3.582214E-8
1.494446E+3	8.861281E-9
1.494465E+3	-4.619146E-9
1.494484E+3	8.861281E-9
1.494504E+3	8.861281E-9
1.494523E+3	-3.158000E-8
1.494542E+3	-4.619146E-9
1.494561E+3	-4.619146E-9
1.494581E+3	-1.809957E-8
1.494600E+3	8.861281E-9
1.494619E+3	8.861281E-9
1.494639E+3	8.861281E-9
1.494658E+3	8.861281E-9
1.494677E+3	3.582214E-8
1.494696E+3	8.861281E-9
1.494716E+3	8.861281E-9
1.494735E+3	-4.619146E-9
1.494754E+3	2.234171E-8
1.494773E+3	-1.809957E-8
1.494793E+3	-1.809957E-8
1.494812E+3	2.234171E-8
1.494831E+3	-4.619146E-9
1.494850E+3	6.278299E-8
1.494870E+3	4.930256E-8
1.494889E+3	-1.809957E-8
1.494908E+3	-4.619146E-9
1.494927E+3	-4.619146E-9
1.494947E+3	3.582214E-8
1.494966E+3	8.861281E-9
1.494985E+3	8.861281E-9
1.495004E+3	6.278299E-8
1.495024E+3	7.626342E-8
1.495043E+3	3.582214E-8
1.495062E+3	8.861281E-9
1.495081E+3	2.234171E-8
1.495101E+3	4.930256E-8
1.495120E+3	8.861281E-9
1.495139E+3	8.861281E-9
1.495158E+3	2.234171E-8
1.495178E+3	2.234171E-8
1.495197E+3	6.278299E-8
1.495216E+3	4.930256E-8
1.495235E+3	6.278299E-8
1.495255E+3	8.974385E-8
1.495274E+3	8.974385E-8
1.495293E+3	6.278299E-8
1.495312E+3	8.974385E-8
1.495332E+3	2.234171E-8
1.495351E+3	6.278299E-8
1.495370E+3	4.930256E-8
1.495389E+3	1.032243E-7
1.495409E+3	7.626342E-8
1.495428E+3	8.974385E-8
1.495447E+3	7.626342E-8
1.495466E+3	7.626342E-8
1.495486E+3	1.301851E-7
1.495505E+3	1.436656E-7
1.495524E+3	1.571460E-7
1.495543E+3	1.032243E-7
1.495563E+3	1.167047E-7
1.495582E+3	1.167047E-7
1.495601E+3	1.436656E-7
1.495620E+3	1.436656E-7
1.495640E+3	1.167047E-7
1.495659E+3	1.436656E-7
1.495678E+3	1.706264E-7
1.495697E+3	1.571460E-7
1.495717E+3	1.706264E-7
1.495736E+3	2.110677E-7
1.495755E+3	2.110677E-7
1.495774E+3	1.571460E-7
1.495794E+3	1.571460E-7
1.495813E+3	1.975873E-7
1.495832E+3	1.975873E-7
1.495851E+3	2.245481E-7
1.495871E+3	1.975873E-7
1.495890E+3	2.380285E-7
1.495909E+3	1.571460E-7
1.495928E+3	1.706264E-7
1.495948E+3	1.706264E-7
1.495967E+3	1.975873E-7
1.495986E+3	1.841068E-7
1.496005E+3	1.975873E-7
1.496025E+3	2.245481E-7
1.496044E+3	1.975873E-7
1.496063E+3	2.245481E-7
1.496083E+3	2.110677E-7
1.496102E+3	1.841068E-7
1.496121E+3	1.841068E-7
1.496140E+3	1.571460E-7
1.496160E+3	1.841068E-7
1.496179E+3	1.975873E-7
1.496198E+3	1.706264E-7
1.496217E+3	1.301851E-7
1.496237E+3	1.571460E-7
1.496256E+3	1.706264E-7
1.496275E+3	1.167047E-7
1.496294E+3	1.032243E-7
1.496314E+3	1.167047E-7
1.496333E+3	1.167047E-7
1.496352E+3	1.032243E-7
1.496371E+3	1.167047E-7
1.496391E+3	1.167047E-7
1.496410E+3	4.930256E-8
1.496429E+3	1.167047E-7
1.496448E+3	6.278299E-8
1.496468E+3	8.974385E-8
1.496487E+3	3.582214E-8
1.496506E+3	7.626342E-8
1.496525E+3	2.234171E-8
1.496545E+3	8.861281E-9
1.496564E+3	6.278299E-8
1.496583E+3	2.234171E-8
1.496602E+3	8.861281E-9
1.496622E+3	3.582214E-8
1.496641E+3	6.278299E-8
1.496660E+3	6.278299E-8
1.496679E+3	8.861281E-9
1.496699E+3	2.234171E-8
1.496718E+3	6.278299E-8
1.496737E+3	-1.809957E-8
1.496756E+3	2.234171E-8
1.496776E+3	-4.619146E-9
1.496795E+3	8.861281E-9
1.496814E+3	3.582214E-8
1.496833E+3	8.861281E-9
1.496853E+3	4.930256E-8
1.496872E+3	-4.619146E-9
1.496891E+3	-1.809957E-8
1.496910E+3	8.861281E-9
1.496930E+3	8.861281E-9
1.496949E+3	8.861281E-9
1.496968E+3	-1.809957E-8
1.496987E+3	4.930256E-8
1.497007E+3	2.234171E-8
1.497026E+3	4.930256E-8
1.497045E+3	3.582214E-8
1.497064E+3	3.582214E-8
1.497084E+3	4.930256E-8
1.497103E+3	6.278299E-8
1.497122E+3	3.582214E-8
1.497141E+3	3.582214E-8
1.497161E+3	6.278299E-8
1.497180E+3	6.278299E-8
1.497199E+3	3.582214E-8
1.497218E+3	4.930256E-8
1.497238E+3	7.626342E-8
1.497257E+3	1.032243E-7
1.497276E+3	1.167047E-7
1.497295E+3	8.974385E-8
1.497315E+3	1.301851E-7
1.497334E+3	1.436656E-7
1.497353E+3	1.571460E-7
1.497372E+3	1.032243E-7
1.497392E+3	1.706264E-7
1.497411E+3	1.975873E-7
1.497430E+3	1.706264E-7
1.497450E+3	1.841068E-7
1.497469E+3	1.706264E-7
1.497488E+3	2.515090E-7
1.497507E+3	2.515090E-7
1.497527E+3	2.784698E-7
1.497546E+3	2.649894E-7
1.497565E+3	3.054307E-7
1.497584E+3	2.919503E-7
1.497604E+3	3.323915E-7
1.497623E+3	3.863132E-7
1.497642E+3	3.593524E-7
1.497661E+3	3.323915E-7
1.497681E+3	3.593524E-7
1.497700E+3	4.132741E-7
1.497719E+3	4.267545E-7
1.497738E+3	5.076371E-7
1.497758E+3	4.806762E-7
1.497777E+3	5.480784E-7
1.497796E+3	5.615588E-7
1.497815E+3	5.480784E-7
1.497835E+3	5.885197E-7
1.497854E+3	6.559218E-7
1.497873E+3	6.963631E-7
1.497892E+3	7.368044E-7
1.497912E+3	8.581282E-7
1.497931E+3	9.524912E-7
1.497950E+3	1.087295E-6
1.497969E+3	1.100776E-6
1.497989E+3	1.356904E-6
1.498008E+3	1.451267E-6
1.498027E+3	1.599552E-6
1.498046E+3	1.788278E-6
1.498066E+3	1.977004E-6
1.498085E+3	2.111808E-6
1.498104E+3	2.394897E-6
1.498123E+3	2.785829E-6
1.498143E+3	3.163281E-6
1.498162E+3	3.500292E-6
1.498181E+3	3.769901E-6
1.498200E+3	4.133872E-6
1.498220E+3	4.538285E-6
1.498239E+3	4.942698E-6
1.498258E+3	5.441474E-6
1.498277E+3	5.724562E-6
1.498297E+3	6.048093E-6
1.498316E+3	6.128975E-6
1.498335E+3	6.412064E-6
1.498354E+3	6.385103E-6
1.498374E+3	6.722114E-6
1.498393E+3	7.018684E-6
1.498412E+3	7.072605E-6
1.498431E+3	7.018684E-6
1.498451E+3	6.870399E-6
1.498470E+3	6.802997E-6
1.498489E+3	6.964762E-6
1.498508E+3	7.059125E-6
1.498528E+3	6.937801E-6
1.498547E+3	6.816477E-6
1.498566E+3	6.250299E-6
1.498585E+3	5.711082E-6
1.498605E+3	5.333630E-6
1.498624E+3	5.117943E-6
1.498643E+3	4.767452E-6
1.498662E+3	4.457402E-6
1.498682E+3	4.039509E-6
1.498701E+3	3.635096E-6
1.498720E+3	3.244164E-6
1.498739E+3	3.001516E-6
1.498759E+3	2.839751E-6
1.498778E+3	2.529701E-6
1.498797E+3	2.273573E-6
1.498817E+3	1.963523E-6
1.498836E+3	1.680434E-6
1.498855E+3	1.451267E-6
1.498874E+3	1.235580E-6
1.498894E+3	1.100776E-6
1.498913E+3	1.006413E-6
1.498932E+3	7.907261E-7
1.498951E+3	6.559218E-7
1.498971E+3	5.480784E-7
1.498990E+3	4.941567E-7
1.499009E+3	4.537154E-7
1.499028E+3	3.997937E-7
1.499048E+3	4.402350E-7
1.499067E+3	4.537154E-7
1.499086E+3	3.997937E-7
1.499105E+3	4.402350E-7
1.499125E+3	4.132741E-7
1.499144E+3	3.997937E-7
1.499163E+3	3.863132E-7
1.499182E+3	3.728328E-7
1.499202E+3	3.863132E-7
1.499221E+3	3.863132E-7
1.499240E+3	3.997937E-7
1.499259E+3	3.593524E-7
1.499279E+3	3.323915E-7
1.499298E+3	2.919503E-7
1.499317E+3	3.054307E-7
1.499336E+3	2.649894E-7
1.499356E+3	1.975873E-7
1.499375E+3	1.975873E-7
1.499394E+3	1.975873E-7
1.499413E+3	1.841068E-7
1.499433E+3	1.975873E-7
1.499452E+3	1.706264E-7
1.499471E+3	1.301851E-7
1.499490E+3	1.032243E-7
1.499510E+3	1.301851E-7
1.499529E+3	4.930256E-8
1.499548E+3	4.930256E-8
1.499567E+3	8.974385E-8
1.499587E+3	6.278299E-8
1.499606E+3	3.582214E-8
1.499625E+3	6.278299E-8
1.499644E+3	8.974385E-8
1.499664E+3	7.626342E-8
1.499683E+3	8.861281E-9
1.499702E+3	8.861281E-9
1.499721E+3	8.974385E-8
1.499741E+3	8.861281E-9
1.499760E+3	3.582214E-8
1.499779E+3	6.278299E-8
1.499798E+3	2.234171E-8
1.499818E+3	6.278299E-8
1.499837E+3	2.234171E-8
1.499856E+3	8.861281E-9
1.499875E+3	6.278299E-8
1.499895E+3	6.278299E-8
1.499914E+3	4.930256E-8
1.499933E+3	8.974385E-8
1.499952E+3	6.278299E-8
1.499972E+3	6.278299E-8
1.499991E+3	6.278299E-8
1.500010E+3	2.234171E-8
1.500029E+3	4.930256E-8
1.500049E+3	8.974385E-8
1.500068E+3	2.234171E-8
1.500087E+3	7.626342E-8
1.500106E+3	8.974385E-8
1.500126E+3	8.974385E-8
1.500145E+3	1.167047E-7
1.500164E+3	1.571460E-7
1.500183E+3	1.436656E-7
1.500203E+3	1.436656E-7
1.500222E+3	1.571460E-7
1.500241E+3	1.571460E-7
1.500261E+3	1.706264E-7
1.500280E+3	1.436656E-7
1.500299E+3	1.706264E-7
1.500318E+3	1.706264E-7
1.500338E+3	2.245481E-7
1.500357E+3	2.380285E-7
1.500376E+3	2.515090E-7
1.500395E+3	2.110677E-7
1.500415E+3	2.245481E-7
1.500434E+3	2.515090E-7
1.500453E+3	2.515090E-7
1.500472E+3	2.784698E-7
1.500492E+3	2.784698E-7
1.500511E+3	2.515090E-7
1.500530E+3	2.784698E-7
1.500549E+3	2.245481E-7
1.500569E+3	2.245481E-7
1.500588E+3	2.380285E-7
1.500607E+3	2.515090E-7
1.500626E+3	2.784698E-7
1.500646E+3	1.706264E-7
1.500665E+3	2.110677E-7
1.500684E+3	1.571460E-7
1.500703E+3	1.841068E-7
1.500723E+3	1.975873E-7
1.500742E+3	1.841068E-7
1.500761E+3	1.975873E-7
1.500780E+3	1.301851E-7
1.500800E+3	1.167047E-7
1.500819E+3	1.706264E-7
1.500838E+3	1.436656E-7
1.500857E+3	1.167047E-7
1.500877E+3	1.167047E-7
1.500896E+3	7.626342E-8
1.500915E+3	6.278299E-8
1.500934E+3	8.974385E-8
1.500954E+3	8.974385E-8
1.500973E+3	8.974385E-8
1.500992E+3	1.032243E-7
1.501011E+3	6.278299E-8
1.501031E+3	2.234171E-8
1.501050E+3	4.930256E-8
1.501069E+3	2.234171E-8
1.501088E+3	2.234171E-8
1.501108E+3	4.930256E-8
1.501127E+3	6.278299E-8
1.501146E+3	8.861281E-9
1.501165E+3	8.861281E-9
1.501185E+3	6.278299E-8
1.501204E+3	8.861281E-9
1.501223E+3	8.861281E-9
1.501242E+3	6.278299E-8
1.501262E+3	2.234171E-8
1.501281E+3	8.861281E-9
1.501300E+3	3.582214E-8
1.501319E+3	-4.619146E-9
1.501339E+3	4.930256E-8
1.501358E+3	2.234171E-8
1.501377E+3	3.582214E-8
1.501396E+3	-4.619146E-9
1.501416E+3	2.234171E-8
1.501435E+3	4.930256E-8
1.501454E+3	3.582214E-8
1.501473E+3	2.234171E-8
1.501493E+3	-1.809957E-8
1.501512E+3	-3.158000E-8
1.501531E+3	3.582214E-8
1.501550E+3	8.861281E-9
1.501570E+3	8.861281E-9
1.501589E+3	2.234171E-8
1.501608E+3	-1.809957E-8
1.501628E+3	3.582214E-8
1.501647E+3	-3.158000E-8
1.501666E+3	-3.158000E-8
1.501685E+3	8.861281E-9
1.501705E+3	8.861281E-9
1.501724E+3	8.861281E-9
1.501743E+3	8.861281E-9
1.501762E+3	4.930256E-8
1.501782E+3	3.582214E-8
1.501801E+3	-3.158000E-8
1.501820E+3	2.234171E-8
1.501839E+3	-1.809957E-8
1.501859E+3	2.234171E-8
1.501878E+3	-1.809957E-8
1.501897E+3	8.861281E-9
1.501916E+3	-1.809957E-8
1.501936E+3	-4.619146E-9
1.501955E+3	8.861281E-9
1.501974E+3	8.861281E-9
1.501993E+3	-1.809957E-8
1.502013E+3	-1.809957E-8
1.502032E+3	-4.619146E-9
1.502051E+3	2.234171E-8
1.502070E+3	8.861281E-9
1.502090E+3	4.930256E-8
1.502109E+3	3.582214E-8
1.502128E+3	3.582214E-8
1.502147E+3	-4.619146E-9
1.502167E+3	8.861281E-9
1.502186E+3	3.582214E-8
1.502205E+3	3.582214E-8
1.502224E+3	3.582214E-8
1.502244E+3	8.861281E-9
1.502263E+3	-3.158000E-8
1.502282E+3	8.861281E-9
1.502301E+3	-1.809957E-8
1.502321E+3	-3.158000E-8
1.502340E+3	-1.809957E-8
1.502359E+3	-4.619146E-9
1.502378E+3	-4.506043E-8
1.502398E+3	8.861281E-9
1.502417E+3	-3.158000E-8
1.502436E+3	-1.809957E-8
1.502455E+3	8.861281E-9
1.502475E+3	8.861281E-9
1.502494E+3	8.861281E-9
1.502513E+3	-4.619146E-9
1.502532E+3	-4.619146E-9
1.502552E+3	3.582214E-8
1.502571E+3	-4.619146E-9
1.502590E+3	3.582214E-8
1.502609E+3	8.861281E-9
1.502629E+3	8.861281E-9
1.502648E+3	2.234171E-8
1.502667E+3	8.861281E-9
1.502686E+3	3.582214E-8
1.502706E+3	3.582214E-8
1.502725E+3	-3.158000E-8
1.502744E+3	3.582214E-8
1.502763E+3	-3.158000E-8
1.502783E+3	-1.809957E-8
1.502802E+3	2.234171E-8
1.502821E+3	2.234171E-8
1.502840E+3	2.234171E-8
1.502860E+3	8.861281E-9
1.502879E+3	2.234171E-8
1.502898E+3	2.234171E-8
1.502917E+3	7.626342E-8
1.502937E+3	8.861281E-9
1.502956E+3	8.974385E-8
1.502975E+3	4.930256E-8
1.502994E+3	1.032243E-7
1.503014E+3	7.626342E-8
1.503033E+3	8.974385E-8
1.503052E+3	1.032243E-7
1.503072E+3	6.278299E-8
1.503091E+3	8.974385E-8
1.503110E+3	4.930256E-8
1.503129E+3	6.278299E-8
1.503149E+3	1.167047E-7
1.503168E+3	8.974385E-8
1.503187E+3	1.032243E-7
1.503206E+3	1.032243E-7
1.503226E+3	6.278299E-8
1.503245E+3	8.974385E-8
1.503264E+3	8.974385E-8
1.503283E+3	1.167047E-7
1.503303E+3	6.278299E-8
1.503322E+3	1.032243E-7
1.503341E+3	1.167047E-7
1.503360E+3	6.278299E-8
1.503380E+3	6.278299E-8
1.503399E+3	2.234171E-8
1.503418E+3	8.974385E-8
1.503437E+3	6.278299E-8
1.503457E+3	6.278299E-8
1.503476E+3	3.582214E-8
1.503495E+3	2.234171E-8
1.503514E+3	3.582214E-8
1.503534E+3	7.626342E-8
1.503553E+3	6.278299E-8
1.503572E+3	-1.809957E-8
1.503591E+3	8.861281E-9
1.503611E+3	-1.809957E-8
1.503630E+3	2.234171E-8
1.503649E+3	-1.809957E-8
1.503668E+3	8.861281E-9
1.503688E+3	-3.158000E-8
1.503707E+3	8.861281E-9
1.503726E+3	8.861281E-9
1.503745E+3	8.861281E-9
1.503765E+3	8.861281E-9
1.503784E+3	8.861281E-9
1.503803E+3	2.234171E-8
1.503822E+3	8.861281E-9
1.503842E+3	-4.619146E-9
1.503861E+3	8.861281E-9
1.503880E+3	4.930256E-8
1.503899E+3	8.861281E-9
1.503919E+3	-4.619146E-9
1.503938E+3	-4.619146E-9
1.503957E+3	8.861281E-9
1.503976E+3	-1.809957E-8
1.503996E+3	3.582214E-8
1.504015E+3	8.861281E-9
1.504034E+3	-4.619146E-9
1.504053E+3	6.278299E-8
1.504073E+3	3.582214E-8
1.504092E+3	2.234171E-8
1.504111E+3	2.234171E-8
1.504130E+3	-4.619146E-9
1.504150E+3	2.234171E-8
1.504169E+3	2.234171E-8
1.504188E+3	3.582214E-8
1.504207E+3	2.234171E-8
1.504227E+3	3.582214E-8
1.504246E+3	8.861281E-9
1.504265E+3	3.582214E-8
1.504284E+3	2.234171E-8
1.504304E+3	3.582214E-8
1.504323E+3	3.582214E-8
1.504342E+3	3.582214E-8
1.504361E+3	3.582214E-8
1.504381E+3	6.278299E-8
1.504400E+3	6.278299E-8
1.504419E+3	2.234171E-8
1.504439E+3	2.234171E-8
1.504458E+3	2.234171E-8
1.504477E+3	6.278299E-8
1.504496E+3	2.234171E-8
1.504516E+3	2.234171E-8
1.504535E+3	8.861281E-9
1.504554E+3	8.861281E-9
1.504573E+3	-1.809957E-8
1.504593E+3	3.582214E-8
1.504612E+3	-4.619146E-9
1.504631E+3	2.234171E-8
1.504650E+3	8.861281E-9
1.504670E+3	8.861281E-9
1.504689E+3	2.234171E-8
1.504708E+3	2.234171E-8
1.504727E+3	3.582214E-8
1.504747E+3	4.930256E-8
1.504766E+3	4.930256E-8
1.504785E+3	8.861281E-9
1.504804E+3	4.930256E-8
1.504824E+3	4.930256E-8
1.504843E+3	6.278299E-8
1.504862E+3	3.582214E-8
1.504881E+3	8.861281E-9
1.504901E+3	8.861281E-9
1.504920E+3	-1.809957E-8
1.504939E+3	2.234171E-8
1.504958E+3	-1.809957E-8
1.504978E+3	-4.619146E-9
1.504997E+3	8.861281E-9
1.505016E+3	3.582214E-8
1.505035E+3	2.234171E-8
1.505055E+3	3.582214E-8
1.505074E+3	2.234171E-8
1.505093E+3	8.861281E-9
1.505112E+3	8.861281E-9
1.505132E+3	8.861281E-9
1.505151E+3	8.861281E-9
1.505170E+3	8.861281E-9
1.505189E+3	8.861281E-9
1.505209E+3	2.234171E-8
1.505228E+3	8.861281E-9
1.505247E+3	-3.158000E-8
1.505266E+3	-1.809957E-8
1.505286E+3	4.930256E-8
1.505305E+3	-1.809957E-8
1.505324E+3	8.861281E-9
1.505343E+3	2.234171E-8
1.505363E+3	4.930256E-8
1.505382E+3	8.861281E-9
1.505401E+3	-3.158000E-8
1.505420E+3	3.582214E-8
1.505440E+3	-1.809957E-8
1.505459E+3	-4.619146E-9
1.505478E+3	-3.158000E-8
1.505497E+3	8.861281E-9
1.505517E+3	2.234171E-8
1.505536E+3	-4.619146E-9
1.505555E+3	4.930256E-8
1.505574E+3	-4.619146E-9
1.505594E+3	-1.809957E-8
1.505613E+3	-1.809957E-8
1.505632E+3	-4.619146E-9
1.505651E+3	-3.158000E-8
1.505671E+3	4.930256E-8
1.505690E+3	3.582214E-8
1.505709E+3	8.861281E-9
1.505728E+3	-1.809957E-8
1.505748E+3	3.582214E-8
1.505767E+3	-1.809957E-8
1.505786E+3	-4.619146E-9
1.505806E+3	-4.619146E-9
1.505825E+3	8.861281E-9
1.505844E+3	8.861281E-9
1.505863E+3	8.861281E-9
1.505883E+3	8.861281E-9
1.505902E+3	-1.809957E-8
1.505921E+3	-4.619146E-9
1.505940E+3	3.582214E-8
1.505960E+3	2.234171E-8
1.505979E+3	3.582214E-8
1.505998E+3	-4.619146E-9
1.506017E+3	-3.158000E-8
1.506037E+3	8.861281E-9
1.506056E+3	-4.619146E-9
1.506075E+3	-3.158000E-8
1.506094E+3	-3.158000E-8
1.506114E+3	-4.619146E-9
1.506133E+3	3.582214E-8
1.506152E+3	8.861281E-9
1.506171E+3	8.861281E-9
1.506191E+3	8.861281E-9
1.506210E+3	8.861281E-9
1.506229E+3	-4.506043E-8
1.506248E+3	3.582214E-8
1.506268E+3	-4.619146E-9
1.506287E+3	-4.619146E-9
1.506306E+3	3.582214E-8
1.506325E+3	-3.158000E-8
1.506345E+3	-4.619146E-9
1.506364E+3	3.582214E-8
1.506383E+3	-4.619146E-9
1.506402E+3	-1.809957E-8
1.506422E+3	2.234171E-8
1.506441E+3	8.861281E-9
1.506460E+3	8.861281E-9
1.506479E+3	8.861281E-9
1.506499E+3	-1.809957E-8
1.506518E+3	8.861281E-9
1.506537E+3	2.234171E-8
1.506556E+3	-1.809957E-8
1.506576E+3	8.861281E-9
1.506595E+3	-3.158000E-8
1.506614E+3	-1.809957E-8
1.506633E+3	2.234171E-8
1.506653E+3	8.861281E-9
1.506672E+3	-4.619146E-9
1.506691E+3	3.582214E-8
1.506710E+3	3.582214E-8
1.506730E+3	8.861281E-9
1.506749E+3	8.861281E-9
1.506768E+3	8.861281E-9
1.506787E+3	-1.809957E-8
1.506807E+3	-1.809957E-8
1.506826E+3	3.582214E-8
1.506845E+3	8.861281E-9
1.506864E+3	-1.809957E-8
1.506884E+3	-1.809957E-8
1.506903E+3	-4.619146E-9
1.506922E+3	-1.809957E-8
1.506941E+3	-4.619146E-9
1.506961E+3	-3.158000E-8
1.506980E+3	3.582214E-8
1.506999E+3	8.861281E-9
1.507018E+3	-3.158000E-8
1.507038E+3	-4.619146E-9
1.507057E+3	-3.158000E-8
1.507076E+3	-3.158000E-8
1.507095E+3	-1.809957E-8
1.507115E+3	2.234171E-8
1.507134E+3	3.582214E-8
1.507153E+3	-1.809957E-8
1.507172E+3	-3.158000E-8
1.507192E+3	3.582214E-8
1.507211E+3	-1.809957E-8
1.507230E+3	8.861281E-9
1.507250E+3	3.582214E-8
1.507269E+3	-3.158000E-8
1.507288E+3	-4.619146E-9
1.507307E+3	8.861281E-9
1.507327E+3	8.861281E-9
1.507346E+3	8.861281E-9
1.507365E+3	8.861281E-9
1.507384E+3	2.234171E-8
1.507404E+3	2.234171E-8
1.507423E+3	-1.809957E-8
1.507442E+3	3.582214E-8
1.507461E+3	3.582214E-8
1.507481E+3	8.861281E-9
1.507500E+3	2.234171E-8
1.507519E+3	4.930256E-8
1.507538E+3	6.278299E-8
1.507558E+3	6.278299E-8
1.507577E+3	3.582214E-8
1.507596E+3	3.582214E-8
1.507615E+3	2.234171E-8
1.507635E+3	4.930256E-8
1.507654E+3	2.234171E-8
1.507673E+3	6.278299E-8
1.507692E+3	-4.619146E-9
1.507712E+3	3.582214E-8
1.507731E+3	2.234171E-8
1.507750E+3	2.234171E-8
1.507769E+3	2.234171E-8
1.507789E+3	8.861281E-9
1.507808E+3	-3.158000E-8
1.507827E+3	4.930256E-8
1.507846E+3	-1.809957E-8
1.507866E+3	-4.619146E-9
1.507885E+3	8.861281E-9
1.507904E+3	3.582214E-8
1.507923E+3	-1.809957E-8
1.507943E+3	4.930256E-8
1.507962E+3	3.582214E-8
1.507981E+3	-1.809957E-8
1.508000E+3	8.861281E-9
1.508020E+3	3.582214E-8
1.508039E+3	8.861281E-9
1.508058E+3	-4.506043E-8
1.508077E+3	-4.619146E-9
1.508097E+3	-4.619146E-9
1.508116E+3	-1.809957E-8
1.508135E+3	-1.809957E-8
1.508154E+3	3.582214E-8
1.508174E+3	-4.619146E-9
1.508193E+3	-3.158000E-8
1.508212E+3	8.861281E-9
1.508231E+3	8.861281E-9
1.508251E+3	3.582214E-8
1.508270E+3	-1.809957E-8
1.508289E+3	3.582214E-8
1.508308E+3	8.861281E-9
1.508328E+3	-4.506043E-8
1.508347E+3	3.582214E-8
1.508366E+3	-3.158000E-8
1.508385E+3	8.861281E-9
1.508405E+3	-1.809957E-8
1.508424E+3	-1.809957E-8
1.508443E+3	-3.158000E-8
1.508462E+3	-4.619146E-9
1.508482E+3	-4.619146E-9
1.508501E+3	-4.619146E-9
1.508520E+3	-4.619146E-9
1.508539E+3	3.582214E-8
1.508559E+3	-3.158000E-8
1.508578E+3	-4.619146E-9
1.508597E+3	-3.158000E-8
1.508617E+3	-4.619146E-9
1.508636E+3	-4.619146E-9
1.508655E+3	-4.506043E-8
1.508674E+3	2.234171E-8
1.508694E+3	-4.619146E-9
1.508713E+3	-4.619146E-9
1.508732E+3	3.582214E-8
1.508751E+3	-4.506043E-8
1.508771E+3	-4.619146E-9
1.508790E+3	3.582214E-8
1.508809E+3	8.861281E-9
1.508828E+3	-4.619146E-9
1.508848E+3	8.861281E-9
1.508867E+3	-4.619146E-9
1.508886E+3	-4.619146E-9
1.508905E+3	-4.619146E-9
1.508925E+3	-4.619146E-9
1.508944E+3	-4.619146E-9
1.508963E+3	-4.619146E-9
1.508982E+3	8.861281E-9
1.509002E+3	8.861281E-9
1.509021E+3	2.234171E-8
1.509040E+3	-3.158000E-8
1.509059E+3	2.234171E-8
1.509079E+3	-1.809957E-8
1.509098E+3	3.582214E-8
1.509117E+3	8.861281E-9
1.509136E+3	8.861281E-9
1.509156E+3	2.234171E-8
1.509175E+3	-1.809957E-8
1.509194E+3	2.234171E-8
1.509213E+3	-4.619146E-9
1.509233E+3	-1.809957E-8
1.509252E+3	-1.809957E-8
1.509271E+3	3.582214E-8
1.509290E+3	-3.158000E-8
1.509310E+3	3.582214E-8
1.509329E+3	8.861281E-9
1.509348E+3	6.278299E-8
1.509367E+3	8.861281E-9
1.509387E+3	-1.809957E-8
1.509406E+3	3.582214E-8
1.509425E+3	2.234171E-8
1.509444E+3	8.861281E-9
1.509464E+3	8.861281E-9
1.509483E+3	8.861281E-9
1.509502E+3	8.861281E-9
1.509521E+3	-1.809957E-8
1.509541E+3	3.582214E-8
1.509560E+3	2.234171E-8
1.509579E+3	-3.158000E-8
1.509598E+3	8.861281E-9
1.509618E+3	8.861281E-9
1.509637E+3	2.234171E-8
1.509656E+3	-1.809957E-8
1.509675E+3	8.861281E-9
1.509695E+3	8.861281E-9
1.509714E+3	3.582214E-8
1.509733E+3	8.861281E-9
1.509752E+3	-3.158000E-8
1.509772E+3	4.930256E-8
1.509791E+3	2.234171E-8
1.509810E+3	8.861281E-9
1.509829E+3	3.582214E-8
1.509849E+3	8.861281E-9
1.509868E+3	8.861281E-9
1.509887E+3	3.582214E-8
1.509906E+3	3.582214E-8
1.509926E+3	-1.809957E-8
1.509945E+3	-4.619146E-9
1.509964E+3	-3.158000E-8
1.509984E+3	3.582214E-8
1.510003E+3	-1.809957E-8
1.510022E+3	3.582214E-8
1.510041E+3	3.582214E-8
1.510061E+3	-1.809957E-8
1.510080E+3	-3.158000E-8
1.510099E+3	-1.809957E-8
1.510118E+3	4.930256E-8
1.510138E+3	2.234171E-8
1.510157E+3	-1.809957E-8
1.510176E+3	8.861281E-9
1.510195E+3	-1.809957E-8
1.510215E+3	-3.158000E-8
1.510234E+3	3.582214E-8
1.510253E+3	8.861281E-9
1.510272E+3	-3.158000E-8
1.510292E+3	3.582214E-8
1.510311E+3	4.930256E-8
1.510330E+3	-4.619146E-9
1.510349E+3	-1.809957E-8
1.510369E+3	-1.809957E-8
1.510388E+3	2.234171E-8
1.510407E+3	-4.619146E-9
1.510426E+3	8.861281E-9
1.510446E+3	8.861281E-9
1.510465E+3	4.930256E-8
1.510484E+3	6.278299E-8
1.510503E+3	8.861281E-9
1.510523E+3	8.861281E-9
1.510542E+3	4.930256E-8
1.510561E+3	-1.809957E-8
1.510580E+3	-4.506043E-8
1.510600E+3	3.582214E-8
1.510619E+3	-4.619146E-9
1.510638E+3	8.861281E-9
1.510657E+3	8.861281E-9
1.510677E+3	-3.158000E-8
1.510696E+3	-1.809957E-8
1.510715E+3	-1.809957E-8
1.510734E+3	3.582214E-8
1.510754E+3	-1.809957E-8
1.510773E+3	-4.619146E-9
1.510792E+3	8.861281E-9
1.510811E+3	8.861281E-9
1.510831E+3	8.861281E-9
1.510850E+3	3.582214E-8
1.510869E+3	3.582214E-8
1.510888E+3	8.861281E-9
1.510908E+3	3.582214E-8
1.510927E+3	8.861281E-9
1.510946E+3	3.582214E-8
1.510965E+3	8.861281E-9
1.510985E+3	-4.619146E-9
1.511004E+3	-3.158000E-8
1.511023E+3	8.861281E-9
1.511042E+3	-4.619146E-9
1.511062E+3	-3.158000E-8
1.511081E+3	8.861281E-9
1.511100E+3	3.582214E-8
1.511119E+3	-1.809957E-8
1.511139E+3	-4.506043E-8
1.511158E+3	-4.619146E-9
1.511177E+3	-1.809957E-8
1.511196E+3	-1.809957E-8
1.511216E+3	-1.809957E-8
1.511235E+3	3.582214E-8
1.511254E+3	-4.619146E-9
1.511273E+3	-3.158000E-8
1.511293E+3	8.861281E-9
1.511312E+3	8.861281E-9
1.511331E+3	-3.158000E-8
1.511350E+3	8.861281E-9
1.511370E+3	-4.619146E-9
1.511389E+3	8.861281E-9
1.511408E+3	8.861281E-9
1.511428E+3	-3.158000E-8
1.511447E+3	-4.506043E-8
1.511466E+3	-4.506043E-8
1.511485E+3	8.861281E-9
1.511505E+3	-1.809957E-8
1.511524E+3	8.861281E-9
1.511543E+3	2.234171E-8
1.511562E+3	3.582214E-8
1.511582E+3	3.582214E-8
1.511601E+3	-4.619146E-9
1.511620E+3	2.234171E-8
1.511639E+3	8.861281E-9
1.511659E+3	8.861281E-9
1.511678E+3	2.234171E-8
1.511697E+3	3.582214E-8
1.511716E+3	3.582214E-8
1.511736E+3	3.582214E-8
1.511755E+3	-4.619146E-9
1.511774E+3	8.861281E-9
1.511793E+3	-4.619146E-9
1.511813E+3	8.861281E-9
1.511832E+3	-4.619146E-9
1.511851E+3	3.582214E-8
1.511870E+3	3.582214E-8
1.511890E+3	2.234171E-8
1.511909E+3	3.582214E-8
1.511928E+3	8.861281E-9
1.511947E+3	4.930256E-8
1.511967E+3	-3.158000E-8
1.511986E+3	-3.158000E-8
1.512005E+3	8.861281E-9
1.512024E+3	4.930256E-8
1.512044E+3	2.234171E-8
1.512063E+3	8.861281E-9
1.512082E+3	-4.619146E-9
1.512101E+3	-4.619146E-9
1.512121E+3	-3.158000E-8
1.512140E+3	8.861281E-9
1.512159E+3	8.861281E-9
1.512178E+3	2.234171E-8
1.512198E+3	-1.809957E-8
1.512217E+3	8.861281E-9
1.512236E+3	3.582214E-8
1.512255E+3	-4.619146E-9
1.512275E+3	-4.619146E-9
1.512294E+3	8.861281E-9
1.512313E+3	2.234171E-8
1.512332E+3	-4.506043E-8
1.512352E+3	2.234171E-8
1.512371E+3	-3.158000E-8
1.512390E+3	8.861281E-9
1.512409E+3	-4.506043E-8
1.512429E+3	-3.158000E-8
1.512448E+3	8.861281E-9
1.512467E+3	-4.619146E-9
1.512486E+3	8.861281E-9
1.512506E+3	2.234171E-8
1.512525E+3	-3.158000E-8
1.512544E+3	8.861281E-9
1.512563E+3	-1.809957E-8
1.512583E+3	3.582214E-8
1.512602E+3	-1.809957E-8
1.512621E+3	-4.619146E-9
1.512640E+3	8.861281E-9
1.512660E+3	-4.619146E-9
1.512679E+3	-3.158000E-8
1.512698E+3	3.582214E-8
1.512717E+3	8.861281E-9
1.512737E+3	-1.809957E-8
1.512756E+3	8.861281E-9
1.512775E+3	-4.619146E-9
1.512795E+3	-1.809957E-8
1.512814E+3	-1.809957E-8
1.512833E+3	8.861281E-9
1.512852E+3	-1.809957E-8
1.512872E+3	-3.158000E-8
1.512891E+3	-4.619146E-9
1.512910E+3	-4.619146E-9
1.512929E+3	-4.619146E-9
1.512949E+3	8.861281E-9
1.512968E+3	8.861281E-9
1.512987E+3	8.861281E-9
1.513006E+3	3.582214E-8
1.513026E+3	8.861281E-9
1.513045E+3	8.861281E-9
1.513064E+3	8.861281E-9
1.513083E+3	-4.619146E-9
1.513103E+3	-1.809957E-8
1.513122E+3	8.861281E-9
1.513141E+3	8.861281E-9
1.513160E+3	-1.809957E-8
1.513180E+3	-3.158000E-8
1.513199E+3	4.930256E-8
1.513218E+3	8.861281E-9
1.513237E+3	3.582214E-8
1.513257E+3	2.234171E-8
1.513276E+3	-4.619146E-9
1.513295E+3	-4.619146E-9
1.513314E+3	8.861281E-9
1.513334E+3	2.234171E-8
1.513353E+3	8.861281E-9
1.513372E+3	4.930256E-8
1.513391E+3	3.582214E-8
1.513411E+3	-3.158000E-8
1.513430E+3	-3.158000E-8
1.513449E+3	8.861281E-9
1.513468E+3	-1.809957E-8
1.513488E+3	8.861281E-9
1.513507E+3	8.861281E-9
1.513526E+3	-4.619146E-9
1.513545E+3	-4.619146E-9
1.513565E+3	2.234171E-8
1.513584E+3	8.861281E-9
1.513603E+3	8.861281E-9
1.513622E+3	-4.619146E-9
1.513642E+3	-4.619146E-9
1.513661E+3	2.234171E-8
1.513680E+3	-4.619146E-9
1.513699E+3	-1.809957E-8
1.513719E+3	3.582214E-8
1.513738E+3	-3.158000E-8
1.513757E+3	-4.619146E-9
1.513776E+3	-4.619146E-9
1.513796E+3	8.861281E-9
1.513815E+3	-3.158000E-8
1.513834E+3	-4.619146E-9
1.513853E+3	3.582214E-8
1.513873E+3	2.234171E-8
1.513892E+3	8.861281E-9
1.513911E+3	-3.158000E-8
1.513930E+3	3.582214E-8
1.513950E+3	-4.619146E-9
1.513969E+3	3.582214E-8
1.513988E+3	-3.158000E-8
1.514007E+3	-1.809957E-8
1.514027E+3	-3.158000E-8
1.514046E+3	-4.619146E-9
1.514065E+3	-1.809957E-8
1.514084E+3	-3.158000E-8
1.514104E+3	3.582214E-8
1.514123E+3	8.861281E-9
1.514142E+3	3.582214E-8
1.514161E+3	-4.506043E-8
1.514181E+3	8.861281E-9
1.514200E+3	8.861281E-9
1.514219E+3	8.861281E-9
1.514239E+3	-1.809957E-8
1.514258E+3	8.861281E-9
1.514277E+3	3.582214E-8
1.514296E+3	-1.809957E-8
1.514316E+3	8.861281E-9
1.514335E+3	8.861281E-9
1.514354E+3	-4.619146E-9
1.514373E+3	-1.809957E-8
1.514393E+3	3.582214E-8
1.514412E+3	8.861281E-9
1.514431E+3	3.582214E-8
1.514450E+3	-4.619146E-9
1.514470E+3	-3.158000E-8
1.514489E+3	2.234171E-8
1.514508E+3	8.861281E-9
1.514527E+3	3.582214E-8
1.514547E+3	8.861281E-9
1.514566E+3	-1.809957E-8
1.514585E+3	-4.619146E-9
1.514604E+3	4.930256E-8
1.514624E+3	2.234171E-8
1.514643E+3	8.861281E-9
1.514662E+3	8.861281E-9
1.514681E+3	-4.619146E-9
1.514701E+3	-4.619146E-9
1.514720E+3	8.861281E-9
1.514739E+3	8.861281E-9
1.514758E+3	3.582214E-8
1.514778E+3	8.861281E-9
1.514797E+3	8.861281E-9
1.514816E+3	-1.809957E-8
1.514835E+3	-1.809957E-8
1.514855E+3	8.861281E-9
1.514874E+3	3.582214E-8
1.514893E+3	3.582214E-8
1.514912E+3	8.861281E-9
1.514932E+3	-3.158000E-8
1.514951E+3	8.861281E-9
1.514970E+3	3.582214E-8
1.514989E+3	-1.809957E-8
1.515009E+3	8.861281E-9
1.515028E+3	3.582214E-8
1.515047E+3	-3.158000E-8
1.515066E+3	-4.619146E-9
1.515086E+3	2.234171E-8
1.515105E+3	-4.619146E-9
1.515124E+3	8.861281E-9
1.515143E+3	3.582214E-8
1.515163E+3	-4.619146E-9
1.515182E+3	-3.158000E-8
1.515201E+3	4.930256E-8
1.515220E+3	-1.809957E-8
1.515240E+3	-3.158000E-8
1.515259E+3	3.582214E-8
1.515278E+3	-4.619146E-9
1.515297E+3	-1.809957E-8
1.515317E+3	-3.158000E-8
1.515336E+3	-3.158000E-8
1.515355E+3	-4.619146E-9
1.515374E+3	-4.619146E-9
1.515394E+3	-4.619146E-9
1.515413E+3	2.234171E-8
1.515432E+3	-4.619146E-9
1.515451E+3	-4.506043E-8
1.515471E+3	3.582214E-8
1.515490E+3	2.234171E-8
1.515509E+3	8.861281E-9
1.515528E+3	8.861281E-9
1.515548E+3	2.234171E-8
1.515567E+3	8.861281E-9
1.515586E+3	3.582214E-8
1.515606E+3	8.861281E-9
1.515625E+3	-4.619146E-9
1.515644E+3	3.582214E-8
1.515663E+3	-4.619146E-9
1.515683E+3	8.861281E-9
1.515702E+3	3.582214E-8
1.515721E+3	2.234171E-8
1.515740E+3	-1.809957E-8
1.515760E+3	8.861281E-9
1.515779E+3	3.582214E-8
1.515798E+3	-3.158000E-8
1.515817E+3	-4.619146E-9
1.515837E+3	-4.619146E-9
1.515856E+3	8.861281E-9
1.515875E+3	-4.619146E-9
1.515894E+3	3.582214E-8
1.515914E+3	2.234171E-8
1.515933E+3	4.930256E-8
1.515952E+3	-4.619146E-9
1.515971E+3	-4.619146E-9
1.515991E+3	3.582214E-8
1.516010E+3	3.582214E-8
1.516029E+3	-4.619146E-9
1.516048E+3	-4.619146E-9
1.516068E+3	-4.619146E-9
1.516087E+3	3.582214E-8
1.516106E+3	8.861281E-9
1.516125E+3	2.234171E-8
1.516145E+3	8.861281E-9
1.516164E+3	-3.158000E-8
1.516183E+3	3.582214E-8
1.516202E+3	-3.158000E-8
1.516222E+3	8.861281E-9
1.516241E+3	8.861281E-9
1.516260E+3	-4.619146E-9
1.516279E+3	8.861281E-9
1.516299E+3	-3.158000E-8
1.516318E+3	8.861281E-9
1.516337E+3	3.582214E-8
1.516356E+3	2.234171E-8
1.516376E+3	8.861281E-9
1.516395E+3	-4.619146E-9
1.516414E+3	2.234171E-8
1.516433E+3	8.861281E-9
1.516453E+3	8.861281E-9
1.516472E+3	8.861281E-9
1.516491E+3	-4.619146E-9
1.516510E+3	-4.619146E-9
1.516530E+3	-4.619146E-9
1.516549E+3	8.861281E-9
1.516568E+3	-4.619146E-9
1.516587E+3	8.861281E-9
1.516607E+3	8.861281E-9
1.516626E+3	-3.158000E-8
1.516645E+3	3.582214E-8
1.516664E+3	-4.619146E-9
1.516684E+3	3.582214E-8
1.516703E+3	8.861281E-9
1.516722E+3	-3.158000E-8
1.516741E+3	8.861281E-9
1.516761E+3	-3.158000E-8
1.516780E+3	8.861281E-9
1.516799E+3	2.234171E-8
1.516818E+3	-3.158000E-8
1.516838E+3	-4.619146E-9
1.516857E+3	-4.619146E-9
1.516876E+3	4.930256E-8
1.516895E+3	-4.619146E-9
1.516915E+3	-4.619146E-9
1.516934E+3	-4.619146E-9
1.516953E+3	-3.158000E-8
1.516973E+3	8.861281E-9
1.516992E+3	-4.619146E-9
1.517011E+3	-3.158000E-8
1.517030E+3	-3.158000E-8
1.517050E+3	-4.619146E-9
1.517069E+3	-4.619146E-9
1.517088E+3	8.861281E-9
1.517107E+3	-4.619146E-9
1.517127E+3	-3.158000E-8
1.517146E+3	-4.619146E-9
1.517165E+3	8.861281E-9
1.517184E+3	-1.809957E-8
1.517204E+3	-4.619146E-9
1.517223E+3	-1.809957E-8
1.517242E+3	-4.506043E-8
1.517261E+3	-4.506043E-8
1.517281E+3	-4.619146E-9
1.517300E+3	3.582214E-8
1.517319E+3	-3.158000E-8
1.517338E+3	-1.809957E-8
1.517358E+3	-3.158000E-8
1.517377E+3	2.234171E-8
1.517396E+3	-4.619146E-9
1.517415E+3	-1.809957E-8
1.517435E+3	3.582214E-8
1.517454E+3	3.582214E-8
1.517473E+3	3.582214E-8
1.517492E+3	3.582214E-8
1.517512E+3	-4.619146E-9
1.517531E+3	8.861281E-9
1.517550E+3	-4.619146E-9
1.517569E+3	8.861281E-9
1.517589E+3	8.861281E-9
1.517608E+3	-3.158000E-8
1.517627E+3	8.861281E-9
1.517646E+3	-3.158000E-8
1.517666E+3	8.861281E-9
1.517685E+3	-3.158000E-8
1.517704E+3	-4.619146E-9
1.517723E+3	8.861281E-9
1.517743E+3	8.861281E-9
1.517762E+3	-3.158000E-8
1.517781E+3	-4.619146E-9
1.517800E+3	-3.158000E-8
1.517820E+3	8.861281E-9
1.517839E+3	8.861281E-9
1.517858E+3	-3.158000E-8
1.517877E+3	-1.809957E-8
1.517897E+3	4.930256E-8
1.517916E+3	-4.619146E-9
1.517935E+3	-4.619146E-9
1.517954E+3	-1.809957E-8
1.517974E+3	3.582214E-8
1.517993E+3	-4.619146E-9
1.518012E+3	-3.158000E-8
1.518031E+3	-1.809957E-8
1.518051E+3	-3.158000E-8
1.518070E+3	-4.619146E-9
1.518089E+3	-3.158000E-8
1.518108E+3	3.582214E-8
1.518128E+3	3.582214E-8
1.518147E+3	8.861281E-9
1.518166E+3	-1.809957E-8
1.518185E+3	3.582214E-8
1.518205E+3	8.861281E-9
1.518224E+3	8.861281E-9
1.518243E+3	8.861281E-9
1.518262E+3	8.861281E-9
1.518282E+3	-4.619146E-9
1.518301E+3	8.861281E-9
1.518320E+3	-4.619146E-9
1.518339E+3	3.582214E-8
1.518359E+3	-3.158000E-8
1.518378E+3	3.582214E-8
1.518397E+3	8.861281E-9
1.518417E+3	-1.809957E-8
1.518436E+3	-3.158000E-8
1.518455E+3	4.930256E-8
1.518474E+3	-4.619146E-9
1.518494E+3	-4.619146E-9
1.518513E+3	4.930256E-8
1.518532E+3	-4.619146E-9
1.518551E+3	-4.619146E-9
1.518571E+3	4.930256E-8
1.518590E+3	8.861281E-9
1.518609E+3	-1.809957E-8
1.518628E+3	-4.619146E-9
1.518648E+3	8.861281E-9
1.518667E+3	8.861281E-9
1.518686E+3	3.582214E-8
1.518705E+3	8.861281E-9
1.518725E+3	-1.809957E-8
1.518744E+3	-4.619146E-9
1.518763E+3	3.582214E-8
1.518782E+3	3.582214E-8
1.518802E+3	8.861281E-9
1.518821E+3	2.234171E-8
1.518840E+3	3.582214E-8
1.518859E+3	8.861281E-9
1.518879E+3	8.861281E-9
1.518898E+3	-4.619146E-9
1.518917E+3	8.861281E-9
1.518936E+3	3.582214E-8
1.518956E+3	-4.619146E-9
1.518975E+3	3.582214E-8
1.518994E+3	-4.619146E-9
1.519013E+3	-3.158000E-8
1.519033E+3	8.861281E-9
1.519052E+3	-4.619146E-9
1.519071E+3	2.234171E-8
1.519090E+3	-4.619146E-9
1.519110E+3	8.861281E-9
1.519129E+3	-3.158000E-8
1.519148E+3	8.861281E-9
1.519167E+3	-4.619146E-9
1.519187E+3	-4.619146E-9
1.519206E+3	8.861281E-9
1.519225E+3	8.861281E-9
1.519244E+3	-3.158000E-8
1.519264E+3	2.234171E-8
1.519283E+3	8.861281E-9
1.519302E+3	-3.158000E-8
1.519321E+3	8.861281E-9
1.519341E+3	2.234171E-8
1.519360E+3	8.861281E-9
1.519379E+3	-3.158000E-8
1.519398E+3	8.861281E-9
1.519418E+3	8.861281E-9
1.519437E+3	4.930256E-8
1.519456E+3	8.861281E-9
1.519475E+3	8.861281E-9
1.519495E+3	-4.619146E-9
1.519514E+3	-1.809957E-8
1.519533E+3	3.582214E-8
1.519552E+3	-4.619146E-9
1.519572E+3	8.861281E-9
1.519591E+3	3.582214E-8
1.519610E+3	8.861281E-9
1.519629E+3	8.861281E-9
1.519649E+3	8.861281E-9
1.519668E+3	8.861281E-9
1.519687E+3	-3.158000E-8
1.519706E+3	8.861281E-9
1.519726E+3	-4.506043E-8
1.519745E+3	-4.619146E-9
1.519764E+3	-4.619146E-9
1.519784E+3	8.861281E-9
1.519803E+3	-4.619146E-9
1.519822E+3	4.930256E-8
1.519841E+3	8.861281E-9
1.519861E+3	-4.619146E-9
1.519880E+3	2.234171E-8
1.519899E+3	8.861281E-9
1.519918E+3	-4.619146E-9
1.519938E+3	-4.506043E-8
1.519957E+3	-4.619146E-9
1.519976E+3	-3.158000E-8
1.519995E+3	-1.809957E-8
1.520015E+3	3.582214E-8
1.520034E+3	8.861281E-9
1.520053E+3	-4.619146E-9
1.520072E+3	8.861281E-9
1.520092E+3	-4.619146E-9
1.520111E+3	-4.506043E-8
1.520130E+3	-3.158000E-8
1.520149E+3	-3.158000E-8
1.520169E+3	-1.809957E-8
1.520188E+3	-4.619146E-9
1.520207E+3	-1.809957E-8
1.520226E+3	8.861281E-9
1.520246E+3	8.861281E-9
1.520265E+3	-1.809957E-8
1.520284E+3	-4.619146E-9
1.520303E+3	-4.619146E-9
1.520323E+3	8.861281E-9
1.520342E+3	2.234171E-8
1.520361E+3	-4.619146E-9
1.520380E+3	3.582214E-8
1.520400E+3	-4.619146E-9
1.520419E+3	3.582214E-8
1.520438E+3	-3.158000E-8
1.520457E+3	8.861281E-9
1.520477E+3	-1.809957E-8
1.520496E+3	-1.809957E-8
1.520515E+3	-3.158000E-8
1.520534E+3	8.861281E-9
1.520554E+3	4.930256E-8
1.520573E+3	-4.619146E-9
1.520592E+3	3.582214E-8
1.520611E+3	-4.619146E-9
1.520631E+3	8.861281E-9
1.520650E+3	8.861281E-9
1.520669E+3	-4.619146E-9
1.520688E+3	-1.809957E-8
1.520708E+3	3.582214E-8
1.520727E+3	-4.619146E-9
1.520746E+3	8.861281E-9
1.520765E+3	-4.619146E-9
1.520785E+3	3.582214E-8
1.520804E+3	3.582214E-8
1.520823E+3	-4.619146E-9
1.520842E+3	-4.619146E-9
1.520862E+3	3.582214E-8
1.520881E+3	3.582214E-8
1.520900E+3	-4.619146E-9
1.520919E+3	-3.158000E-8
1.520939E+3	-3.158000E-8
1.520958E+3	3.582214E-8
1.520977E+3	-4.506043E-8
1.520996E+3	3.582214E-8
1.521016E+3	-4.619146E-9
1.521035E+3	-5.854086E-8
1.521054E+3	-1.809957E-8
1.521073E+3	3.582214E-8
1.521093E+3	3.582214E-8
1.521112E+3	-4.619146E-9
1.521131E+3	-3.158000E-8
1.521151E+3	2.234171E-8
1.521170E+3	-4.619146E-9
1.521189E+3	8.861281E-9
1.521208E+3	8.861281E-9
1.521228E+3	-3.158000E-8
1.521247E+3	-4.619146E-9
1.521266E+3	8.861281E-9
1.521285E+3	3.582214E-8
1.521305E+3	8.861281E-9
1.521324E+3	-4.619146E-9
1.521343E+3	3.582214E-8
1.521362E+3	-4.619146E-9
1.521382E+3	8.861281E-9
1.521401E+3	8.861281E-9
1.521420E+3	2.234171E-8
1.521439E+3	-3.158000E-8
1.521459E+3	-4.619146E-9
1.521478E+3	-5.854086E-8
1.521497E+3	-1.809957E-8
1.521516E+3	3.582214E-8
1.521536E+3	-4.619146E-9
1.521555E+3	8.861281E-9
1.521574E+3	-4.619146E-9
1.521593E+3	3.582214E-8
1.521613E+3	-1.809957E-8
1.521632E+3	8.861281E-9
1.521651E+3	3.582214E-8
1.521670E+3	3.582214E-8
1.521690E+3	-1.809957E-8
1.521709E+3	3.582214E-8
1.521728E+3	2.234171E-8
1.521747E+3	-3.158000E-8
1.521767E+3	-1.809957E-8
1.521786E+3	-4.619146E-9
1.521805E+3	-4.619146E-9
1.521824E+3	8.861281E-9
1.521844E+3	8.861281E-9
1.521863E+3	-3.158000E-8
1.521882E+3	-1.809957E-8
1.521901E+3	-4.619146E-9
1.521921E+3	-3.158000E-8
1.521940E+3	-3.158000E-8
1.521959E+3	2.234171E-8
1.521978E+3	3.582214E-8
1.521998E+3	3.582214E-8
1.522017E+3	-4.506043E-8
1.522036E+3	-4.619146E-9
1.522055E+3	-4.619146E-9
1.522075E+3	-3.158000E-8
1.522094E+3	8.861281E-9
1.522113E+3	8.861281E-9
1.522132E+3	-3.158000E-8
1.522152E+3	-4.619146E-9
1.522171E+3	-3.158000E-8
1.522190E+3	8.861281E-9
1.522209E+3	3.582214E-8
1.522229E+3	3.582214E-8
1.522248E+3	-1.809957E-8
1.522267E+3	-3.158000E-8
1.522286E+3	-4.619146E-9
1.522306E+3	8.861281E-9
1.522325E+3	-4.506043E-8
1.522344E+3	2.234171E-8
1.522363E+3	8.861281E-9
1.522383E+3	8.861281E-9
1.522402E+3	-3.158000E-8
1.522421E+3	8.861281E-9
1.522440E+3	-4.619146E-9
1.522460E+3	3.582214E-8
1.522479E+3	8.861281E-9
1.522498E+3	8.861281E-9
1.522517E+3	2.234171E-8
1.522537E+3	-4.619146E-9
1.522556E+3	-1.809957E-8
1.522575E+3	3.582214E-8
1.522595E+3	-4.619146E-9
1.522614E+3	2.234171E-8
1.522633E+3	8.861281E-9
1.522652E+3	-1.809957E-8
1.522672E+3	-4.506043E-8
1.522691E+3	-4.619146E-9
1.522710E+3	-4.619146E-9
1.522729E+3	-1.809957E-8
1.522749E+3	2.234171E-8
1.522768E+3	-4.619146E-9
1.522787E+3	-4.619146E-9
1.522806E+3	-1.809957E-8
1.522826E+3	-3.158000E-8
1.522845E+3	-4.619146E-9
1.522864E+3	-4.506043E-8
1.522883E+3	-3.158000E-8
1.522903E+3	-4.619146E-9
1.522922E+3	2.234171E-8
1.522941E+3	-1.809957E-8
1.522960E+3	2.234171E-8
1.522980E+3	8.861281E-9
1.522999E+3	8.861281E-9
1.523018E+3	-4.619146E-9
1.523037E+3	3.582214E-8
1.523057E+3	8.861281E-9
1.523076E+3	3.582214E-8
1.523095E+3	8.861281E-9
1.523114E+3	-1.809957E-8
1.523134E+3	-1.809957E-8
1.523153E+3	-1.809957E-8
1.523172E+3	-3.158000E-8
1.523191E+3	8.861281E-9
1.523211E+3	8.861281E-9
1.523230E+3	-3.158000E-8
1.523249E+3	3.582214E-8
1.523268E+3	-1.809957E-8
1.523288E+3	-4.619146E-9
1.523307E+3	-4.619146E-9
1.523326E+3	-3.158000E-8
1.523345E+3	-4.619146E-9
1.523365E+3	-4.619146E-9
1.523384E+3	8.861281E-9
1.523403E+3	-4.619146E-9
1.523422E+3	8.861281E-9
1.523442E+3	4.930256E-8
1.523461E+3	-4.619146E-9
1.523480E+3	-4.619146E-9
1.523499E+3	-4.619146E-9
1.523519E+3	8.861281E-9
1.523538E+3	-4.619146E-9
1.523557E+3	3.582214E-8
1.523576E+3	-4.619146E-9
1.523596E+3	8.861281E-9
1.523615E+3	-4.619146E-9
1.523634E+3	-3.158000E-8
1.523653E+3	8.861281E-9
1.523673E+3	3.582214E-8
1.523692E+3	8.861281E-9
1.523711E+3	2.234171E-8
1.523730E+3	-4.619146E-9
1.523750E+3	8.861281E-9
1.523769E+3	3.582214E-8
1.523788E+3	3.582214E-8
1.523807E+3	-4.619146E-9
1.523827E+3	8.861281E-9
1.523846E+3	2.234171E-8
1.523865E+3	8.861281E-9
1.523884E+3	-3.158000E-8
1.523904E+3	-3.158000E-8
1.523923E+3	2.234171E-8
1.523942E+3	8.861281E-9
1.523962E+3	-3.158000E-8
1.523981E+3	8.861281E-9
1.524000E+3	-4.619146E-9
1.524019E+3	8.861281E-9
1.524039E+3	-4.619146E-9
1.524058E+3	3.582214E-8
1.524077E+3	-4.506043E-8
1.524096E+3	8.861281E-9
1.524116E+3	-4.619146E-9
1.524135E+3	8.861281E-9
1.524154E+3	2.234171E-8
1.524173E+3	2.234171E-8
1.524193E+3	8.861281E-9
1.524212E+3	-1.809957E-8
1.524231E+3	-4.619146E-9
1.524250E+3	2.234171E-8
1.524270E+3	8.861281E-9
1.524289E+3	8.861281E-9
1.524308E+3	8.861281E-9
1.524327E+3	-4.619146E-9
1.524347E+3	-1.809957E-8
1.524366E+3	8.861281E-9
1.524385E+3	3.582214E-8
1.524404E+3	-1.809957E-8
1.524424E+3	-4.619146E-9
1.524443E+3	-1.809957E-8
1.524462E+3	8.861281E-9
1.524481E+3	8.861281E-9
1.524501E+3	3.582214E-8
1.524520E+3	-3.158000E-8
1.524539E+3	-4.619146E-9
1.524558E+3	8.861281E-9
1.524578E+3	-4.619146E-9
1.524597E+3	3.582214E-8
1.524616E+3	8.861281E-9
1.524635E+3	2.234171E-8
1.524655E+3	8.861281E-9
1.524674E+3	-3.158000E-8
1.524693E+3	-3.158000E-8
1.524712E+3	-4.619146E-9
1.524732E+3	2.234171E-8
1.524751E+3	-1.809957E-8
1.524770E+3	-1.809957E-8
1.524789E+3	8.861281E-9
1.524809E+3	-3.158000E-8
1.524828E+3	-4.619146E-9
1.524847E+3	8.861281E-9
1.524866E+3	-4.506043E-8
1.524886E+3	-4.506043E-8
1.524905E+3	8.861281E-9
1.524924E+3	-1.809957E-8
1.524943E+3	3.582214E-8
1.524963E+3	-1.809957E-8
