1.475000E+3	-1.809957E-8
1.475019E+3	2.234171E-8
1.475038E+3	8.861281E-9
1.475057E+3	-4.619146E-9
1.475077E+3	2.234171E-8
1.475096E+3	3.582214E-8
1.475115E+3	2.234171E-8
1.475134E+3	-4.619146E-9
1.475154E+3	-4.619146E-9
1.475173E+3	-4.619146E-9
1.475192E+3	3.582214E-8
1.475211E+3	-4.619146E-9
1.475231E+3	-3.158000E-8
1.475250E+3	3.582214E-8
1.475269E+3	-3.158000E-8
1.475288E+3	-1.809957E-8
1.475308E+3	-3.158000E-8
1.475327E+3	-3.158000E-8
1.475346E+3	8.861281E-9
1.475365E+3	-4.619146E-9
1.475385E+3	-1.809957E-8
1.475404E+3	2.234171E-8
1.475423E+3	-1.809957E-8
1.475442E+3	3.582214E-8
1.475462E+3	8.861281E-9
1.475481E+3	-4.619146E-9
1.475500E+3	-3.158000E-8
1.475519E+3	8.861281E-9
1.475539E+3	-4.619146E-9
1.475558E+3	2.234171E-8
1.475577E+3	2.234171E-8
1.475597E+3	8.861281E-9
1.475616E+3	-4.506043E-8
1.475635E+3	2.234171E-8
1.475654E+3	8.861281E-9
1.475674E+3	-4.619146E-9
1.475693E+3	-4.619146E-9
1.475712E+3	3.582214E-8
1.475731E+3	-3.158000E-8
1.475751E+3	-1.809957E-8
1.475770E+3	-4.619146E-9
1.475789E+3	-3.158000E-8
1.475808E+3	-3.158000E-8
1.475828E+3	8.861281E-9
1.475847E+3	-4.619146E-9
1.475866E+3	-4.619146E-9
1.475885E+3	8.861281E-9
1.475905E+3	-4.619146E-9
1.475924E+3	3.582214E-8
1.475943E+3	-3.158000E-8
1.475962E+3	8.861281E-9
1.475982E+3	-3.158000E-8
1.476001E+3	-4.619146E-9
1.476020E+3	2.234171E-8
1.476039E+3	8.861281E-9
1.476059E+3	-3.158000E-8
1.476078E+3	8.861281E-9
1.476097E+3	8.861281E-9
1.476116E+3	2.234171E-8
1.476136E+3	8.861281E-9
1.476155E+3	8.861281E-9
1.476174E+3	-4.619146E-9
1.476193E+3	8.861281E-9
1.476213E+3	3.582214E-8
1.476232E+3	3.582214E-8
1.476251E+3	-4.619146E-9
1.476270E+3	-4.619146E-9
1.476290E+3	-4.619146E-9
1.476309E+3	-3.158000E-8
1.476328E+3	2.234171E-8
1.476347E+3	3.582214E-8
1.476367E+3	-4.619146E-9
1.476386E+3	-4.619146E-9
1.476405E+3	2.234171E-8
1.476424E+3	-3.158000E-8
1.476444E+3	-4.619146E-9
1.476463E+3	3.582214E-8
1.476482E+3	-1.809957E-8
1.476501E+3	-4.506043E-8
1.476521E+3	-4.506043E-8
1.476540E+3	-3.158000E-8
1.476559E+3	-4.619146E-9
1.476578E+3	-1.809957E-8
1.476598E+3	3.582214E-8
1.476617E+3	-3.158000E-8
1.476636E+3	-3.158000E-8
1.476655E+3	-1.809957E-8
1.476675E+3	-4.619146E-9
1.476694E+3	2.234171E-8
1.476713E+3	-4.619146E-9
1.476732E+3	-3.158000E-8
1.476752E+3	8.861281E-9
1.476771E+3	2.234171E-8
1.476790E+3	8.861281E-9
1.476809E+3	-3.158000E-8
1.476829E+3	8.861281E-9
1.476848E+3	-4.619146E-9
1.476867E+3	-1.809957E-8
1.476886E+3	-4.619146E-9
1.476906E+3	2.234171E-8
1.476925E+3	-4.619146E-9
1.476944E+3	-4.619146E-9
1.476963E+3	-3.158000E-8
1.476983E+3	3.582214E-8
1.477002E+3	8.861281E-9
1.477021E+3	-3.158000E-8
1.477040E+3	-1.809957E-8
1.477060E+3	8.861281E-9
1.477079E+3	3.582214E-8
1.477098E+3	2.234171E-8
1.477117E+3	8.861281E-9
1.477137E+3	-4.619146E-9
1.477156E+3	2.234171E-8
1.477175E+3	-4.619146E-9
1.477195E+3	-1.809957E-8
1.477214E+3	3.582214E-8
1.477233E+3	8.861281E-9
1.477252E+3	-1.809957E-8
1.477272E+3	3.582214E-8
1.477291E+3	-3.158000E-8
1.477310E+3	3.582214E-8
1.477329E+3	-4.619146E-9
1.477349E+3	-1.809957E-8
1.477368E+3	-4.619146E-9
1.477387E+3	8.861281E-9
1.477406E+3	-4.619146E-9
1.477426E+3	-4.619146E-9
1.477445E+3	8.861281E-9
1.477464E+3	2.234171E-8
1.477483E+3	8.861281E-9
1.477503E+3	8.861281E-9
1.477522E+3	-4.619146E-9
1.477541E+3	-1.809957E-8
1.477560E+3	4.930256E-8
1.477580E+3	-1.809957E-8
1.477599E+3	-1.809957E-8
1.477618E+3	-4.619146E-9
1.477637E+3	2.234171E-8
1.477657E+3	-4.619146E-9
1.477676E+3	-3.158000E-8
1.477695E+3	8.861281E-9
1.477714E+3	3.582214E-8
1.477734E+3	3.582214E-8
1.477753E+3	3.582214E-8
1.477772E+3	8.861281E-9
1.477791E+3	-1.809957E-8
1.477811E+3	2.234171E-8
1.477830E+3	3.582214E-8
1.477849E+3	-4.619146E-9
1.477868E+3	-1.809957E-8
1.477888E+3	-4.619146E-9
1.477907E+3	-4.619146E-9
1.477926E+3	-4.506043E-8
1.477945E+3	8.861281E-9
1.477965E+3	-3.158000E-8
1.477984E+3	8.861281E-9
1.478003E+3	-4.619146E-9
1.478022E+3	-4.619146E-9
1.478042E+3	-4.619146E-9
1.478061E+3	8.861281E-9
1.478080E+3	-1.809957E-8
1.478099E+3	-4.619146E-9
1.478119E+3	-3.158000E-8
1.478138E+3	-3.158000E-8
1.478157E+3	8.861281E-9
1.478176E+3	-4.619146E-9
1.478196E+3	8.861281E-9
1.478215E+3	2.234171E-8
1.478234E+3	2.234171E-8
1.478253E+3	8.861281E-9
1.478273E+3	-4.619146E-9
1.478292E+3	-1.809957E-8
1.478311E+3	8.861281E-9
1.478330E+3	8.861281E-9
1.478350E+3	3.582214E-8
1.478369E+3	2.234171E-8
1.478388E+3	3.582214E-8
1.478407E+3	-1.809957E-8
1.478427E+3	8.861281E-9
1.478446E+3	-1.809957E-8
1.478465E+3	3.582214E-8
1.478484E+3	2.234171E-8
1.478504E+3	3.582214E-8
1.478523E+3	2.234171E-8
1.478542E+3	-4.619146E-9
1.478561E+3	-1.809957E-8
1.478581E+3	8.861281E-9
1.478600E+3	-4.619146E-9
1.478619E+3	-4.619146E-9
1.478638E+3	8.861281E-9
1.478658E+3	-4.619146E-9
1.478677E+3	-4.619146E-9
1.478696E+3	8.861281E-9
1.478715E+3	-4.619146E-9
1.478735E+3	2.234171E-8
1.478754E+3	-1.809957E-8
1.478773E+3	3.582214E-8
1.478793E+3	3.582214E-8
1.478812E+3	3.582214E-8
1.478831E+3	-1.809957E-8
1.478850E+3	-4.619146E-9
1.478870E+3	-4.619146E-9
1.478889E+3	-3.158000E-8
1.478908E+3	8.861281E-9
1.478927E+3	3.582214E-8
1.478947E+3	8.861281E-9
1.478966E+3	-3.158000E-8
1.478985E+3	-3.158000E-8
1.479004E+3	2.234171E-8
1.479024E+3	-4.619146E-9
1.479043E+3	2.234171E-8
1.479062E+3	8.861281E-9
1.479081E+3	3.582214E-8
1.479101E+3	-3.158000E-8
1.479120E+3	3.582214E-8
1.479139E+3	-4.619146E-9
1.479158E+3	-3.158000E-8
1.479178E+3	-4.619146E-9
1.479197E+3	3.582214E-8
1.479216E+3	8.861281E-9
1.479235E+3	-4.506043E-8
1.479255E+3	-4.619146E-9
1.479274E+3	-1.809957E-8
1.479293E+3	8.861281E-9
1.479312E+3	-4.619146E-9
1.479332E+3	-4.619146E-9
1.479351E+3	-3.158000E-8
1.479370E+3	2.234171E-8
1.479389E+3	3.582214E-8
1.479409E+3	8.861281E-9
1.479428E+3	8.861281E-9
1.479447E+3	3.582214E-8
1.479466E+3	8.861281E-9
1.479486E+3	-3.158000E-8
1.479505E+3	-4.619146E-9
1.479524E+3	8.861281E-9
1.479543E+3	8.861281E-9
1.479563E+3	8.861281E-9
1.479582E+3	8.861281E-9
1.479601E+3	2.234171E-8
1.479620E+3	2.234171E-8
1.479640E+3	-1.809957E-8
1.479659E+3	8.861281E-9
1.479678E+3	2.234171E-8
1.479697E+3	8.861281E-9
1.479717E+3	-4.619146E-9
1.479736E+3	-4.619146E-9
1.479755E+3	3.582214E-8
1.479774E+3	-4.619146E-9
1.479794E+3	-4.619146E-9
1.479813E+3	8.861281E-9
1.479832E+3	8.861281E-9
1.479851E+3	3.582214E-8
1.479871E+3	-3.158000E-8
1.479890E+3	8.861281E-9
1.479909E+3	-3.158000E-8
1.479928E+3	-4.619146E-9
1.479948E+3	-4.619146E-9
1.479967E+3	3.582214E-8
1.479986E+3	-4.619146E-9
1.480005E+3	2.234171E-8
1.480025E+3	-4.619146E-9
1.480044E+3	3.582214E-8
1.480063E+3	-3.158000E-8
1.480082E+3	-4.619146E-9
1.480102E+3	3.582214E-8
1.480121E+3	8.861281E-9
1.480140E+3	-1.809957E-8
1.480159E+3	-3.158000E-8
1.480179E+3	-4.619146E-9
1.480198E+3	-4.619146E-9
1.480217E+3	8.861281E-9
1.480236E+3	2.234171E-8
1.480256E+3	-4.506043E-8
1.480275E+3	-4.619146E-9
1.480294E+3	-4.619146E-9
1.480313E+3	2.234171E-8
1.480333E+3	-3.158000E-8
1.480352E+3	8.861281E-9
1.480371E+3	8.861281E-9
1.480390E+3	8.861281E-9
1.480410E+3	-3.158000E-8
1.480429E+3	3.582214E-8
1.480448E+3	-4.619146E-9
1.480468E+3	8.861281E-9
1.480487E+3	-3.158000E-8
1.480506E+3	-3.158000E-8
1.480525E+3	-3.158000E-8
1.480545E+3	-3.158000E-8
1.480564E+3	3.582214E-8
1.480583E+3	8.861281E-9
1.480602E+3	2.234171E-8
1.480622E+3	-3.158000E-8
1.480641E+3	3.582214E-8
1.480660E+3	8.861281E-9
1.480679E+3	8.861281E-9
1.480699E+3	-3.158000E-8
1.480718E+3	3.582214E-8
1.480737E+3	-4.619146E-9
1.480756E+3	-4.619146E-9
1.480776E+3	2.234171E-8
1.480795E+3	3.582214E-8
1.480814E+3	-4.619146E-9
1.480833E+3	-4.619146E-9
1.480853E+3	-4.619146E-9
1.480872E+3	2.234171E-8
1.480891E+3	8.861281E-9
1.480910E+3	-4.619146E-9
1.480930E+3	3.582214E-8
1.480949E+3	8.861281E-9
1.480968E+3	8.861281E-9
1.480987E+3	-4.619146E-9
1.481007E+3	8.861281E-9
1.481026E+3	3.582214E-8
1.481045E+3	3.582214E-8
1.481064E+3	3.582214E-8
1.481084E+3	2.234171E-8
1.481103E+3	8.861281E-9
1.481122E+3	8.861281E-9
1.481141E+3	8.861281E-9
1.481161E+3	-4.619146E-9
1.481180E+3	-3.158000E-8
1.481199E+3	3.582214E-8
1.481218E+3	8.861281E-9
1.481238E+3	8.861281E-9
1.481257E+3	-4.506043E-8
1.481276E+3	-3.158000E-8
1.481295E+3	-4.619146E-9
1.481315E+3	-3.158000E-8
1.481334E+3	8.861281E-9
1.481353E+3	3.582214E-8
1.481372E+3	-4.619146E-9
1.481392E+3	8.861281E-9
1.481411E+3	8.861281E-9
1.481430E+3	3.582214E-8
1.481449E+3	8.861281E-9
1.481469E+3	2.234171E-8
1.481488E+3	8.861281E-9
1.481507E+3	8.861281E-9
1.481526E+3	2.234171E-8
1.481546E+3	2.234171E-8
1.481565E+3	-4.619146E-9
1.481584E+3	8.861281E-9
1.481603E+3	8.861281E-9
1.481623E+3	-1.809957E-8
1.481642E+3	8.861281E-9
1.481661E+3	-1.809957E-8
1.481680E+3	3.582214E-8
1.481700E+3	3.582214E-8
1.481719E+3	8.861281E-9
1.481738E+3	-4.619146E-9
1.481757E+3	2.234171E-8
1.481777E+3	-3.158000E-8
1.481796E+3	-4.506043E-8
1.481815E+3	8.861281E-9
1.481834E+3	3.582214E-8
1.481854E+3	-3.158000E-8
1.481873E+3	8.861281E-9
1.481892E+3	8.861281E-9
1.481911E+3	-1.809957E-8
1.481931E+3	-3.158000E-8
1.481950E+3	-3.158000E-8
1.481969E+3	8.861281E-9
1.481988E+3	-1.809957E-8
1.482008E+3	-4.619146E-9
1.482027E+3	-3.158000E-8
1.482046E+3	2.234171E-8
1.482066E+3	-4.619146E-9
1.482085E+3	-1.809957E-8
1.482104E+3	8.861281E-9
1.482123E+3	2.234171E-8
1.482143E+3	-4.619146E-9
1.482162E+3	8.861281E-9
1.482181E+3	-1.809957E-8
1.482200E+3	8.861281E-9
1.482220E+3	8.861281E-9
1.482239E+3	-3.158000E-8
1.482258E+3	3.582214E-8
1.482277E+3	2.234171E-8
1.482297E+3	-4.619146E-9
1.482316E+3	-1.809957E-8
1.482335E+3	-3.158000E-8
1.482354E+3	-4.619146E-9
1.482374E+3	8.861281E-9
1.482393E+3	8.861281E-9
1.482412E+3	3.582214E-8
1.482431E+3	-4.619146E-9
1.482451E+3	-1.809957E-8
1.482470E+3	8.861281E-9
1.482489E+3	8.861281E-9
1.482508E+3	3.582214E-8
1.482528E+3	-3.158000E-8
1.482547E+3	8.861281E-9
1.482566E+3	3.582214E-8
1.482585E+3	3.582214E-8
1.482605E+3	3.582214E-8
1.482624E+3	-3.158000E-8
1.482643E+3	-4.619146E-9
1.482662E+3	8.861281E-9
1.482682E+3	-3.158000E-8
1.482701E+3	-1.809957E-8
1.482720E+3	-4.619146E-9
1.482739E+3	3.582214E-8
1.482759E+3	-4.506043E-8
1.482778E+3	8.861281E-9
1.482797E+3	-4.619146E-9
1.482816E+3	8.861281E-9
1.482836E+3	3.582214E-8
1.482855E+3	8.861281E-9
1.482874E+3	-1.809957E-8
1.482893E+3	-4.619146E-9
1.482913E+3	-3.158000E-8
1.482932E+3	-3.158000E-8
1.482951E+3	-4.619146E-9
1.482970E+3	-1.809957E-8
1.482990E+3	-3.158000E-8
1.483009E+3	8.861281E-9
1.483028E+3	-4.619146E-9
1.483047E+3	-3.158000E-8
1.483067E+3	3.582214E-8
1.483086E+3	-1.809957E-8
1.483105E+3	8.861281E-9
1.483124E+3	-3.158000E-8
1.483144E+3	3.582214E-8
1.483163E+3	3.582214E-8
1.483182E+3	3.582214E-8
1.483201E+3	8.861281E-9
1.483221E+3	8.861281E-9
1.483240E+3	2.234171E-8
1.483259E+3	-4.619146E-9
1.483278E+3	-3.158000E-8
1.483298E+3	-4.619146E-9
1.483317E+3	2.234171E-8
1.483336E+3	8.861281E-9
1.483355E+3	8.861281E-9
1.483375E+3	8.861281E-9
1.483394E+3	8.861281E-9
1.483413E+3	-4.619146E-9
1.483432E+3	2.234171E-8
1.483452E+3	-4.506043E-8
1.483471E+3	-3.158000E-8
1.483490E+3	-3.158000E-8
1.483509E+3	-4.506043E-8
1.483529E+3	-4.619146E-9
1.483548E+3	-3.158000E-8
1.483567E+3	8.861281E-9
1.483586E+3	-4.619146E-9
1.483606E+3	8.861281E-9
1.483625E+3	-1.809957E-8
1.483644E+3	-1.809957E-8
1.483664E+3	8.861281E-9
1.483683E+3	-3.158000E-8
1.483702E+3	-4.619146E-9
1.483721E+3	-3.158000E-8
1.483741E+3	2.234171E-8
1.483760E+3	-3.158000E-8
1.483779E+3	-4.619146E-9
1.483798E+3	-4.619146E-9
1.483818E+3	3.582214E-8
1.483837E+3	-4.619146E-9
1.483856E+3	-4.619146E-9
1.483875E+3	8.861281E-9
1.483895E+3	8.861281E-9
1.483914E+3	8.861281E-9
1.483933E+3	-4.506043E-8
1.483952E+3	8.861281E-9
1.483972E+3	8.861281E-9
1.483991E+3	8.861281E-9
1.484010E+3	-4.506043E-8
1.484029E+3	8.861281E-9
1.484049E+3	-1.809957E-8
1.484068E+3	-4.619146E-9
1.484087E+3	2.234171E-8
1.484106E+3	-1.809957E-8
1.484126E+3	3.582214E-8
1.484145E+3	-4.619146E-9
1.484164E+3	3.582214E-8
1.484183E+3	-4.619146E-9
1.484203E+3	8.861281E-9
1.484222E+3	-1.809957E-8
1.484241E+3	-4.506043E-8
1.484260E+3	3.582214E-8
1.484280E+3	3.582214E-8
1.484299E+3	3.582214E-8
1.484318E+3	-4.619146E-9
1.484337E+3	8.861281E-9
1.484357E+3	8.861281E-9
1.484376E+3	8.861281E-9
1.484395E+3	3.582214E-8
1.484414E+3	-4.506043E-8
1.484434E+3	-4.619146E-9
1.484453E+3	-3.158000E-8
1.484472E+3	3.582214E-8
1.484491E+3	-3.158000E-8
1.484511E+3	8.861281E-9
1.484530E+3	-4.619146E-9
1.484549E+3	8.861281E-9
1.484568E+3	8.861281E-9
1.484588E+3	3.582214E-8
1.484607E+3	3.582214E-8
1.484626E+3	8.861281E-9
1.484645E+3	3.582214E-8
1.484665E+3	-4.619146E-9
1.484684E+3	-3.158000E-8
1.484703E+3	8.861281E-9
1.484722E+3	2.234171E-8
1.484742E+3	-4.506043E-8
1.484761E+3	3.582214E-8
1.484780E+3	8.861281E-9
1.484799E+3	-4.619146E-9
1.484819E+3	-1.809957E-8
1.484838E+3	3.582214E-8
1.484857E+3	-3.158000E-8
1.484876E+3	8.861281E-9
1.484896E+3	8.861281E-9
1.484915E+3	-3.158000E-8
1.484934E+3	3.582214E-8
1.484953E+3	8.861281E-9
1.484973E+3	-4.619146E-9
1.484992E+3	-3.158000E-8
1.485011E+3	8.861281E-9
1.485030E+3	8.861281E-9
1.485050E+3	8.861281E-9
1.485069E+3	8.861281E-9
1.485088E+3	-4.619146E-9
1.485107E+3	2.234171E-8
1.485127E+3	-4.619146E-9
1.485146E+3	2.234171E-8
1.485165E+3	2.234171E-8
1.485184E+3	-3.158000E-8
1.485204E+3	8.861281E-9
1.485223E+3	-4.619146E-9
1.485242E+3	-4.619146E-9
1.485262E+3	8.861281E-9
1.485281E+3	-4.619146E-9
1.485300E+3	-4.619146E-9
1.485319E+3	3.582214E-8
1.485339E+3	3.582214E-8
1.485358E+3	-4.619146E-9
1.485377E+3	-4.619146E-9
1.485396E+3	-3.158000E-8
1.485416E+3	8.861281E-9
1.485435E+3	2.234171E-8
1.485454E+3	-1.809957E-8
1.485473E+3	-4.619146E-9
1.485493E+3	3.582214E-8
1.485512E+3	2.234171E-8
1.485531E+3	3.582214E-8
1.485550E+3	-4.506043E-8
1.485570E+3	-4.619146E-9
1.485589E+3	2.234171E-8
1.485608E+3	-1.809957E-8
1.485627E+3	-1.809957E-8
1.485647E+3	-1.809957E-8
1.485666E+3	-4.619146E-9
1.485685E+3	3.582214E-8
1.485704E+3	-4.619146E-9
1.485724E+3	-1.809957E-8
1.485743E+3	2.234171E-8
1.485762E+3	-3.158000E-8
1.485781E+3	-3.158000E-8
1.485801E+3	8.861281E-9
1.485820E+3	-4.619146E-9
1.485839E+3	-4.619146E-9
1.485858E+3	8.861281E-9
1.485878E+3	-4.506043E-8
1.485897E+3	3.582214E-8
1.485916E+3	-4.506043E-8
1.485935E+3	-3.158000E-8
1.485955E+3	2.234171E-8
1.485974E+3	8.861281E-9
1.485993E+3	2.234171E-8
1.486012E+3	-1.809957E-8
1.486032E+3	2.234171E-8
1.486051E+3	-4.619146E-9
1.486070E+3	8.861281E-9
1.486089E+3	-4.619146E-9
1.486109E+3	-4.506043E-8
1.486128E+3	8.861281E-9
1.486147E+3	-4.619146E-9
1.486166E+3	8.861281E-9
1.486186E+3	3.582214E-8
1.486205E+3	3.582214E-8
1.486224E+3	8.861281E-9
1.486243E+3	-1.809957E-8
1.486263E+3	8.861281E-9
1.486282E+3	-4.619146E-9
1.486301E+3	-4.619146E-9
1.486320E+3	-4.619146E-9
1.486340E+3	8.861281E-9
1.486359E+3	8.861281E-9
1.486378E+3	-3.158000E-8
1.486397E+3	-4.619146E-9
1.486417E+3	2.234171E-8
1.486436E+3	-1.809957E-8
1.486455E+3	-4.619146E-9
1.486474E+3	8.861281E-9
1.486494E+3	-3.158000E-8
1.486513E+3	-4.619146E-9
1.486532E+3	-1.809957E-8
1.486551E+3	-4.619146E-9
1.486571E+3	-4.506043E-8
1.486590E+3	8.861281E-9
1.486609E+3	-4.619146E-9
1.486628E+3	-4.619146E-9
1.486648E+3	8.861281E-9
1.486667E+3	8.861281E-9
1.486686E+3	-4.619146E-9
1.486705E+3	-3.158000E-8
1.486725E+3	8.861281E-9
1.486744E+3	-4.619146E-9
1.486763E+3	8.861281E-9
1.486782E+3	-4.619146E-9
1.486802E+3	-4.619146E-9
1.486821E+3	-3.158000E-8
1.486840E+3	-4.619146E-9
1.486859E+3	-1.809957E-8
1.486879E+3	8.861281E-9
1.486898E+3	-3.158000E-8
1.486917E+3	2.234171E-8
1.486937E+3	-4.619146E-9
1.486956E+3	2.234171E-8
1.486975E+3	-4.619146E-9
1.486994E+3	3.582214E-8
1.487014E+3	3.582214E-8
1.487033E+3	-3.158000E-8
1.487052E+3	-4.619146E-9
1.487071E+3	3.582214E-8
1.487091E+3	2.234171E-8
1.487110E+3	-4.619146E-9
1.487129E+3	3.582214E-8
1.487148E+3	-3.158000E-8
1.487168E+3	2.234171E-8
1.487187E+3	8.861281E-9
1.487206E+3	8.861281E-9
1.487225E+3	-4.619146E-9
1.487245E+3	-1.809957E-8
1.487264E+3	-1.809957E-8
1.487283E+3	-4.619146E-9
1.487302E+3	-4.619146E-9
1.487322E+3	8.861281E-9
1.487341E+3	3.582214E-8
1.487360E+3	-4.619146E-9
1.487379E+3	3.582214E-8
1.487399E+3	-3.158000E-8
1.487418E+3	-3.158000E-8
1.487437E+3	-3.158000E-8
1.487456E+3	-3.158000E-8
1.487476E+3	8.861281E-9
1.487495E+3	2.234171E-8
1.487514E+3	-4.506043E-8
1.487533E+3	8.861281E-9
1.487553E+3	-1.809957E-8
1.487572E+3	3.582214E-8
1.487591E+3	-4.506043E-8
1.487610E+3	8.861281E-9
1.487630E+3	-3.158000E-8
1.487649E+3	3.582214E-8
1.487668E+3	2.234171E-8
1.487687E+3	2.234171E-8
1.487707E+3	8.861281E-9
1.487726E+3	2.234171E-8
1.487745E+3	8.861281E-9
1.487764E+3	-4.619146E-9
1.487784E+3	3.582214E-8
1.487803E+3	-3.158000E-8
1.487822E+3	8.861281E-9
1.487841E+3	-3.158000E-8
1.487861E+3	8.861281E-9
1.487880E+3	3.582214E-8
1.487899E+3	2.234171E-8
1.487918E+3	2.234171E-8
1.487938E+3	-4.619146E-9
1.487957E+3	-4.619146E-9
1.487976E+3	-3.158000E-8
1.487995E+3	8.861281E-9
1.488015E+3	-4.619146E-9
1.488034E+3	-4.619146E-9
1.488053E+3	8.861281E-9
1.488072E+3	8.861281E-9
1.488092E+3	8.861281E-9
1.488111E+3	8.861281E-9
1.488130E+3	8.861281E-9
1.488149E+3	-4.506043E-8
1.488169E+3	-4.619146E-9
1.488188E+3	8.861281E-9
1.488207E+3	-3.158000E-8
1.488226E+3	8.861281E-9
1.488246E+3	4.930256E-8
1.488265E+3	-3.158000E-8
1.488284E+3	8.861281E-9
1.488303E+3	2.234171E-8
1.488323E+3	-1.809957E-8
1.488342E+3	2.234171E-8
1.488361E+3	-4.619146E-9
1.488380E+3	8.861281E-9
1.488400E+3	-4.619146E-9
1.488419E+3	8.861281E-9
1.488438E+3	-4.619146E-9
1.488457E+3	8.861281E-9
1.488477E+3	-3.158000E-8
1.488496E+3	-3.158000E-8
1.488515E+3	8.861281E-9
1.488535E+3	-4.506043E-8
1.488554E+3	8.861281E-9
1.488573E+3	4.930256E-8
1.488592E+3	-1.809957E-8
1.488612E+3	-4.619146E-9
1.488631E+3	-1.809957E-8
1.488650E+3	8.861281E-9
1.488669E+3	8.861281E-9
1.488689E+3	-1.809957E-8
1.488708E+3	3.582214E-8
1.488727E+3	3.582214E-8
1.488746E+3	2.234171E-8
1.488766E+3	8.861281E-9
1.488785E+3	-4.619146E-9
1.488804E+3	-4.619146E-9
1.488823E+3	8.861281E-9
1.488843E+3	8.861281E-9
1.488862E+3	3.582214E-8
1.488881E+3	3.582214E-8
1.488900E+3	2.234171E-8
1.488920E+3	8.861281E-9
1.488939E+3	-3.158000E-8
1.488958E+3	8.861281E-9
1.488977E+3	8.861281E-9
1.488997E+3	8.861281E-9
1.489016E+3	8.861281E-9
1.489035E+3	-3.158000E-8
1.489054E+3	-3.158000E-8
1.489074E+3	-4.619146E-9
1.489093E+3	-3.158000E-8
1.489112E+3	-1.809957E-8
1.489131E+3	-3.158000E-8
1.489151E+3	8.861281E-9
1.489170E+3	-1.809957E-8
1.489189E+3	-1.809957E-8
1.489208E+3	3.582214E-8
1.489228E+3	-4.506043E-8
1.489247E+3	4.930256E-8
1.489266E+3	8.861281E-9
1.489285E+3	-1.809957E-8
1.489305E+3	-3.158000E-8
1.489324E+3	-4.619146E-9
1.489343E+3	-1.809957E-8
1.489362E+3	8.861281E-9
1.489382E+3	8.861281E-9
1.489401E+3	3.582214E-8
1.489420E+3	-3.158000E-8
1.489439E+3	-4.619146E-9
1.489459E+3	8.861281E-9
1.489478E+3	-1.809957E-8
1.489497E+3	-1.809957E-8
1.489516E+3	3.582214E-8
1.489536E+3	-4.619146E-9
1.489555E+3	3.582214E-8
1.489574E+3	8.861281E-9
1.489593E+3	-4.619146E-9
1.489613E+3	8.861281E-9
1.489632E+3	8.861281E-9
1.489651E+3	-4.619146E-9
1.489670E+3	8.861281E-9
1.489690E+3	2.234171E-8
1.489709E+3	-1.809957E-8
1.489728E+3	-4.619146E-9
1.489747E+3	-1.809957E-8
1.489767E+3	8.861281E-9
1.489786E+3	-1.809957E-8
1.489805E+3	-1.809957E-8
1.489824E+3	3.582214E-8
1.489844E+3	2.234171E-8
1.489863E+3	2.234171E-8
1.489882E+3	2.234171E-8
1.489901E+3	8.861281E-9
1.489921E+3	-3.158000E-8
1.489940E+3	3.582214E-8
1.489959E+3	-4.619146E-9
1.489978E+3	-4.619146E-9
1.489998E+3	2.234171E-8
1.490017E+3	-3.158000E-8
1.490036E+3	-4.619146E-9
1.490055E+3	-4.619146E-9
1.490075E+3	8.861281E-9
1.490094E+3	-4.619146E-9
1.490113E+3	-1.809957E-8
1.490133E+3	-4.619146E-9
1.490152E+3	2.234171E-8
1.490171E+3	3.582214E-8
1.490190E+3	-1.809957E-8
1.490210E+3	3.582214E-8
1.490229E+3	8.861281E-9
1.490248E+3	3.582214E-8
1.490267E+3	-1.809957E-8
1.490287E+3	8.861281E-9
1.490306E+3	2.234171E-8
1.490325E+3	-4.619146E-9
1.490344E+3	-3.158000E-8
1.490364E+3	-3.158000E-8
1.490383E+3	2.234171E-8
1.490402E+3	3.582214E-8
1.490421E+3	-4.619146E-9
1.490441E+3	-4.619146E-9
1.490460E+3	3.582214E-8
1.490479E+3	8.861281E-9
1.490498E+3	-3.158000E-8
1.490518E+3	3.582214E-8
1.490537E+3	3.582214E-8
1.490556E+3	3.582214E-8
1.490575E+3	8.861281E-9
1.490595E+3	-4.619146E-9
1.490614E+3	-4.619146E-9
1.490633E+3	3.582214E-8
1.490652E+3	-3.158000E-8
1.490672E+3	8.861281E-9
1.490691E+3	3.582214E-8
1.490710E+3	2.234171E-8
1.490729E+3	2.234171E-8
1.490749E+3	-1.809957E-8
1.490768E+3	-1.809957E-8
1.490787E+3	3.582214E-8
1.490806E+3	2.234171E-8
1.490826E+3	2.234171E-8
1.490845E+3	8.861281E-9
1.490864E+3	-1.809957E-8
1.490883E+3	-3.158000E-8
1.490903E+3	-3.158000E-8
1.490922E+3	8.861281E-9
1.490941E+3	2.234171E-8
1.490960E+3	8.861281E-9
1.490980E+3	-4.619146E-9
1.490999E+3	2.234171E-8
1.491018E+3	8.861281E-9
1.491037E+3	-3.158000E-8
1.491057E+3	-4.619146E-9
1.491076E+3	-4.619146E-9
1.491095E+3	3.582214E-8
1.491114E+3	-4.619146E-9
1.491134E+3	3.582214E-8
1.491153E+3	8.861281E-9
1.491172E+3	8.861281E-9
1.491191E+3	-3.158000E-8
1.491211E+3	-4.619146E-9
1.491230E+3	2.234171E-8
1.491249E+3	8.861281E-9
1.491268E+3	3.582214E-8
1.491288E+3	8.861281E-9
1.491307E+3	-3.158000E-8
1.491326E+3	-3.158000E-8
1.491345E+3	-3.158000E-8
1.491365E+3	-1.809957E-8
1.491384E+3	2.234171E-8
1.491403E+3	8.861281E-9
1.491422E+3	8.861281E-9
1.491442E+3	8.861281E-9
1.491461E+3	-1.809957E-8
1.491480E+3	8.861281E-9
1.491499E+3	2.234171E-8
1.491519E+3	-4.619146E-9
1.491538E+3	8.861281E-9
1.491557E+3	-4.619146E-9
1.491576E+3	8.861281E-9
1.491596E+3	-1.809957E-8
1.491615E+3	8.861281E-9
1.491634E+3	-1.809957E-8
1.491653E+3	8.861281E-9
1.491673E+3	-1.809957E-8
1.491692E+3	2.234171E-8
1.491711E+3	-4.619146E-9
1.491730E+3	3.582214E-8
1.491750E+3	-4.619146E-9
1.491769E+3	-3.158000E-8
1.491788E+3	8.861281E-9
1.491808E+3	-3.158000E-8
1.491827E+3	-4.619146E-9
1.491846E+3	8.861281E-9
1.491865E+3	8.861281E-9
1.491885E+3	3.582214E-8
1.491904E+3	2.234171E-8
1.491923E+3	-1.809957E-8
1.491942E+3	-4.619146E-9
1.491962E+3	8.861281E-9
1.491981E+3	2.234171E-8
1.492000E+3	-4.619146E-9
1.492019E+3	-3.158000E-8
1.492039E+3	-4.619146E-9
1.492058E+3	3.582214E-8
1.492077E+3	3.582214E-8
1.492096E+3	3.582214E-8
1.492116E+3	-4.619146E-9
1.492135E+3	3.582214E-8
1.492154E+3	8.861281E-9
1.492173E+3	-3.158000E-8
1.492193E+3	3.582214E-8
1.492212E+3	-3.158000E-8
1.492231E+3	-3.158000E-8
1.492250E+3	-1.809957E-8
1.492270E+3	-3.158000E-8
1.492289E+3	-4.619146E-9
1.492308E+3	3.582214E-8
1.492327E+3	8.861281E-9
1.492347E+3	8.861281E-9
1.492366E+3	8.861281E-9
1.492385E+3	8.861281E-9
1.492404E+3	3.582214E-8
1.492424E+3	-1.809957E-8
1.492443E+3	8.861281E-9
1.492462E+3	8.861281E-9
1.492481E+3	8.861281E-9
1.492501E+3	-4.619146E-9
1.492520E+3	-4.619146E-9
1.492539E+3	-3.158000E-8
1.492558E+3	2.234171E-8
1.492578E+3	-4.619146E-9
1.492597E+3	8.861281E-9
1.492616E+3	4.930256E-8
1.492635E+3	8.861281E-9
1.492655E+3	-1.809957E-8
1.492674E+3	-1.809957E-8
1.492693E+3	8.861281E-9
1.492712E+3	4.930256E-8
1.492732E+3	8.861281E-9
1.492751E+3	-3.158000E-8
1.492770E+3	-4.619146E-9
1.492789E+3	-4.506043E-8
1.492809E+3	8.861281E-9
1.492828E+3	-1.809957E-8
1.492847E+3	-4.619146E-9
1.492866E+3	-3.158000E-8
1.492886E+3	8.861281E-9
1.492905E+3	-4.619146E-9
1.492924E+3	-4.619146E-9
1.492943E+3	3.582214E-8
1.492963E+3	8.861281E-9
1.492982E+3	3.582214E-8
1.493001E+3	8.861281E-9
1.493020E+3	-3.158000E-8
1.493040E+3	8.861281E-9
1.493059E+3	-3.158000E-8
1.493078E+3	-4.619146E-9
1.493097E+3	-1.809957E-8
1.493117E+3	-3.158000E-8
1.493136E+3	-3.158000E-8
1.493155E+3	-1.809957E-8
1.493174E+3	-4.619146E-9
1.493194E+3	-4.619146E-9
1.493213E+3	-4.619146E-9
1.493232E+3	8.861281E-9
1.493251E+3	8.861281E-9
1.493271E+3	-1.809957E-8
1.493290E+3	3.582214E-8
1.493309E+3	8.861281E-9
1.493328E+3	8.861281E-9
1.493348E+3	-1.809957E-8
1.493367E+3	2.234171E-8
1.493386E+3	8.861281E-9
1.493406E+3	3.582214E-8
1.493425E+3	-4.619146E-9
1.493444E+3	-4.619146E-9
1.493463E+3	-4.619146E-9
1.493483E+3	-3.158000E-8
1.493502E+3	-4.619146E-9
1.493521E+3	2.234171E-8
1.493540E+3	8.861281E-9
1.493560E+3	-4.619146E-9
1.493579E+3	-4.506043E-8
1.493598E+3	3.582214E-8
1.493617E+3	8.861281E-9
1.493637E+3	3.582214E-8
1.493656E+3	8.861281E-9
1.493675E+3	-1.809957E-8
1.493694E+3	-4.619146E-9
1.493714E+3	-4.619146E-9
1.493733E+3	2.234171E-8
1.493752E+3	8.861281E-9
1.493771E+3	-4.619146E-9
1.493791E+3	-3.158000E-8
1.493810E+3	-1.809957E-8
1.493829E+3	-4.619146E-9
1.493848E+3	8.861281E-9
1.493868E+3	-4.506043E-8
1.493887E+3	2.234171E-8
1.493906E+3	8.861281E-9
1.493925E+3	8.861281E-9
1.493945E+3	-4.619146E-9
1.493964E+3	8.861281E-9
1.493983E+3	-4.619146E-9
1.494002E+3	8.861281E-9
1.494022E+3	3.582214E-8
1.494041E+3	-1.809957E-8
1.494060E+3	-4.619146E-9
1.494079E+3	-3.158000E-8
1.494099E+3	2.234171E-8
1.494118E+3	-3.158000E-8
1.494137E+3	8.861281E-9
1.494156E+3	8.861281E-9
1.494176E+3	-1.809957E-8
1.494195E+3	-1.809957E-8
1.494214E+3	3.582214E-8
1.494233E+3	-4.619146E-9
1.494253E+3	-4.619146E-9
1.494272E+3	2.234171E-8
1.494291E+3	-4.619146E-9
1.494310E+3	-4.619146E-9
1.494330E+3	-3.158000E-8
1.494349E+3	8.861281E-9
1.494368E+3	-4.619146E-9
1.494387E+3	-4.506043E-8
1.494407E+3	8.861281E-9
1.494426E+3	2.234171E-8
1.494445E+3	-4.619146E-9
1.494464E+3	3.582214E-8
1.494484E+3	2.234171E-8
1.494503E+3	-3.158000E-8
1.494522E+3	3.582214E-8
1.494541E+3	-3.158000E-8
1.494561E+3	-4.619146E-9
1.494580E+3	3.582214E-8
1.494599E+3	8.861281E-9
1.494618E+3	-1.809957E-8
1.494638E+3	8.861281E-9
1.494657E+3	3.582214E-8
1.494676E+3	-4.619146E-9
1.494695E+3	8.861281E-9
1.494715E+3	-1.809957E-8
1.494734E+3	8.861281E-9
1.494753E+3	8.861281E-9
1.494772E+3	-1.809957E-8
1.494792E+3	3.582214E-8
1.494811E+3	-4.619146E-9
1.494830E+3	3.582214E-8
1.494849E+3	-4.506043E-8
1.494869E+3	-1.809957E-8
1.494888E+3	8.861281E-9
1.494907E+3	8.861281E-9
1.494926E+3	8.861281E-9
1.494946E+3	-3.158000E-8
1.494965E+3	-3.158000E-8
1.494984E+3	8.861281E-9
1.495004E+3	3.582214E-8
1.495023E+3	8.861281E-9
1.495042E+3	3.582214E-8
1.495061E+3	-4.619146E-9
1.495081E+3	8.861281E-9
1.495100E+3	8.861281E-9
1.495119E+3	2.234171E-8
1.495138E+3	-4.619146E-9
1.495158E+3	-3.158000E-8
1.495177E+3	-4.619146E-9
1.495196E+3	2.234171E-8
1.495215E+3	-4.619146E-9
1.495235E+3	2.234171E-8
1.495254E+3	8.861281E-9
1.495273E+3	3.582214E-8
1.495292E+3	-3.158000E-8
1.495312E+3	-4.619146E-9
1.495331E+3	8.861281E-9
1.495350E+3	-1.809957E-8
1.495369E+3	3.582214E-8
1.495389E+3	-4.619146E-9
1.495408E+3	3.582214E-8
1.495427E+3	-4.619146E-9
1.495446E+3	8.861281E-9
1.495466E+3	8.861281E-9
1.495485E+3	4.930256E-8
1.495504E+3	8.861281E-9
1.495523E+3	-1.809957E-8
1.495543E+3	-3.158000E-8
1.495562E+3	2.234171E-8
1.495581E+3	3.582214E-8
1.495600E+3	-3.158000E-8
1.495620E+3	-3.158000E-8
1.495639E+3	-4.619146E-9
1.495658E+3	8.861281E-9
1.495677E+3	-1.809957E-8
1.495697E+3	-1.809957E-8
1.495716E+3	-4.619146E-9
1.495735E+3	-4.619146E-9
1.495754E+3	-3.158000E-8
1.495774E+3	3.582214E-8
1.495793E+3	2.234171E-8
1.495812E+3	8.861281E-9
1.495831E+3	8.861281E-9
1.495851E+3	-3.158000E-8
1.495870E+3	-3.158000E-8
1.495889E+3	-4.506043E-8
1.495908E+3	3.582214E-8
1.495928E+3	3.582214E-8
1.495947E+3	2.234171E-8
1.495966E+3	8.861281E-9
1.495985E+3	-3.158000E-8
1.496005E+3	-3.158000E-8
1.496024E+3	8.861281E-9
1.496043E+3	8.861281E-9
1.496062E+3	3.582214E-8
1.496082E+3	-4.619146E-9
1.496101E+3	3.582214E-8
1.496120E+3	8.861281E-9
1.496139E+3	-3.158000E-8
1.496159E+3	8.861281E-9
1.496178E+3	-4.619146E-9
1.496197E+3	-4.619146E-9
1.496216E+3	-4.619146E-9
1.496236E+3	-4.619146E-9
1.496255E+3	3.582214E-8
1.496274E+3	-1.809957E-8
1.496293E+3	3.582214E-8
1.496313E+3	-4.619146E-9
1.496332E+3	8.861281E-9
1.496351E+3	-4.619146E-9
1.496370E+3	8.861281E-9
1.496390E+3	-3.158000E-8
1.496409E+3	-1.809957E-8
1.496428E+3	3.582214E-8
1.496447E+3	8.861281E-9
1.496467E+3	-3.158000E-8
1.496486E+3	-1.809957E-8
1.496505E+3	3.582214E-8
1.496524E+3	3.582214E-8
1.496544E+3	2.234171E-8
1.496563E+3	-4.619146E-9
1.496582E+3	-1.809957E-8
1.496601E+3	-4.619146E-9
1.496621E+3	-4.619146E-9
1.496640E+3	8.861281E-9
1.496659E+3	-4.619146E-9
1.496679E+3	3.582214E-8
1.496698E+3	8.861281E-9
1.496717E+3	2.234171E-8
1.496736E+3	8.861281E-9
1.496756E+3	2.234171E-8
1.496775E+3	-4.619146E-9
1.496794E+3	8.861281E-9
1.496813E+3	8.861281E-9
1.496833E+3	8.861281E-9
1.496852E+3	2.234171E-8
1.496871E+3	3.582214E-8
1.496890E+3	3.582214E-8
1.496910E+3	8.861281E-9
1.496929E+3	3.582214E-8
1.496948E+3	-4.619146E-9
1.496967E+3	-3.158000E-8
1.496987E+3	3.582214E-8
1.497006E+3	4.930256E-8
1.497025E+3	4.930256E-8
1.497044E+3	8.861281E-9
1.497064E+3	-4.619146E-9
1.497083E+3	8.861281E-9
1.497102E+3	3.582214E-8
1.497121E+3	4.930256E-8
1.497141E+3	-4.619146E-9
1.497160E+3	2.234171E-8
1.497179E+3	-3.158000E-8
1.497198E+3	8.861281E-9
1.497218E+3	8.861281E-9
1.497237E+3	-1.809957E-8
1.497256E+3	-3.158000E-8
1.497275E+3	8.861281E-9
1.497295E+3	3.582214E-8
1.497314E+3	-3.158000E-8
1.497333E+3	-3.158000E-8
1.497352E+3	-4.619146E-9
1.497372E+3	-3.158000E-8
1.497391E+3	8.861281E-9
1.497410E+3	-3.158000E-8
1.497429E+3	8.861281E-9
1.497449E+3	2.234171E-8
1.497468E+3	3.582214E-8
1.497487E+3	3.582214E-8
1.497506E+3	8.861281E-9
1.497526E+3	-1.809957E-8
1.497545E+3	2.234171E-8
1.497564E+3	-3.158000E-8
1.497583E+3	-4.619146E-9
1.497603E+3	3.582214E-8
1.497622E+3	-4.619146E-9
1.497641E+3	-1.809957E-8
1.497660E+3	-3.158000E-8
1.497680E+3	3.582214E-8
1.497699E+3	2.234171E-8
1.497718E+3	3.582214E-8
1.497737E+3	-4.619146E-9
1.497757E+3	8.861281E-9
1.497776E+3	-1.809957E-8
1.497795E+3	8.861281E-9
1.497814E+3	8.861281E-9
1.497834E+3	3.582214E-8
1.497853E+3	3.582214E-8
1.497872E+3	8.861281E-9
1.497891E+3	8.861281E-9
1.497911E+3	-3.158000E-8
1.497930E+3	-3.158000E-8
1.497949E+3	8.861281E-9
1.497968E+3	-1.809957E-8
1.497988E+3	2.234171E-8
1.498007E+3	3.582214E-8
1.498026E+3	8.861281E-9
1.498045E+3	2.234171E-8
1.498065E+3	-1.809957E-8
1.498084E+3	-4.506043E-8
1.498103E+3	-4.619146E-9
1.498122E+3	8.861281E-9
1.498142E+3	-4.619146E-9
1.498161E+3	-4.506043E-8
1.498180E+3	8.861281E-9
1.498199E+3	8.861281E-9
1.498219E+3	-3.158000E-8
1.498238E+3	-3.158000E-8
1.498257E+3	8.861281E-9
1.498277E+3	-1.809957E-8
1.498296E+3	8.861281E-9
1.498315E+3	-3.158000E-8
1.498334E+3	3.582214E-8
1.498354E+3	8.861281E-9
1.498373E+3	-4.619146E-9
1.498392E+3	8.861281E-9
1.498411E+3	-3.158000E-8
1.498431E+3	2.234171E-8
1.498450E+3	3.582214E-8
1.498469E+3	3.582214E-8
1.498488E+3	-4.619146E-9
1.498508E+3	-4.619146E-9
1.498527E+3	-3.158000E-8
1.498546E+3	-3.158000E-8
1.498565E+3	8.861281E-9
1.498585E+3	-4.619146E-9
1.498604E+3	-4.619146E-9
1.498623E+3	2.234171E-8
1.498642E+3	8.861281E-9
1.498662E+3	8.861281E-9
1.498681E+3	-4.619146E-9
1.498700E+3	-3.158000E-8
1.498719E+3	8.861281E-9
1.498739E+3	3.582214E-8
1.498758E+3	2.234171E-8
1.498777E+3	8.861281E-9
1.498796E+3	3.582214E-8
1.498816E+3	-4.619146E-9
1.498835E+3	8.861281E-9
1.498854E+3	-4.619146E-9
1.498873E+3	-1.809957E-8
1.498893E+3	-4.619146E-9
1.498912E+3	-4.619146E-9
1.498931E+3	3.582214E-8
1.498950E+3	4.930256E-8
1.498970E+3	8.861281E-9
1.498989E+3	-1.809957E-8
1.499008E+3	-3.158000E-8
1.499027E+3	3.582214E-8
1.499047E+3	8.861281E-9
1.499066E+3	2.234171E-8
1.499085E+3	-4.506043E-8
1.499104E+3	-4.619146E-9
1.499124E+3	3.582214E-8
1.499143E+3	-1.809957E-8
1.499162E+3	8.861281E-9
1.499181E+3	-1.809957E-8
1.499201E+3	2.234171E-8
1.499220E+3	3.582214E-8
1.499239E+3	-1.809957E-8
1.499258E+3	-1.809957E-8
1.499278E+3	-1.809957E-8
1.499297E+3	-4.619146E-9
1.499316E+3	-1.809957E-8
1.499335E+3	-4.619146E-9
1.499355E+3	-4.619146E-9
1.499374E+3	-4.619146E-9
1.499393E+3	2.234171E-8
1.499412E+3	3.582214E-8
1.499432E+3	8.861281E-9
1.499451E+3	3.582214E-8
1.499470E+3	8.861281E-9
1.499489E+3	8.861281E-9
1.499509E+3	3.582214E-8
1.499528E+3	8.861281E-9
1.499547E+3	-1.809957E-8
1.499566E+3	-3.158000E-8
1.499586E+3	3.582214E-8
1.499605E+3	8.861281E-9
1.499624E+3	-3.158000E-8
1.499643E+3	-4.619146E-9
1.499663E+3	8.861281E-9
1.499682E+3	8.861281E-9
1.499701E+3	3.582214E-8
1.499720E+3	3.582214E-8
1.499740E+3	-3.158000E-8
1.499759E+3	8.861281E-9
1.499778E+3	-1.809957E-8
1.499797E+3	8.861281E-9
1.499817E+3	8.861281E-9
1.499836E+3	8.861281E-9
1.499855E+3	8.861281E-9
1.499875E+3	-1.809957E-8
1.499894E+3	-1.809957E-8
1.499913E+3	8.861281E-9
1.499932E+3	-3.158000E-8
1.499952E+3	8.861281E-9
1.499971E+3	8.861281E-9
1.499990E+3	-1.809957E-8
1.500009E+3	-4.619146E-9
1.500029E+3	2.234171E-8
1.500048E+3	3.582214E-8
1.500067E+3	-3.158000E-8
1.500086E+3	8.861281E-9
1.500106E+3	-4.619146E-9
1.500125E+3	2.234171E-8
1.500144E+3	8.861281E-9
1.500163E+3	2.234171E-8
1.500183E+3	-4.619146E-9
1.500202E+3	8.861281E-9
1.500221E+3	-1.809957E-8
1.500240E+3	8.861281E-9
1.500260E+3	-1.809957E-8
1.500279E+3	8.861281E-9
1.500298E+3	-3.158000E-8
1.500317E+3	-1.809957E-8
1.500337E+3	3.582214E-8
1.500356E+3	4.930256E-8
1.500375E+3	-1.809957E-8
1.500394E+3	3.582214E-8
1.500414E+3	4.930256E-8
1.500433E+3	3.582214E-8
1.500452E+3	8.861281E-9
1.500471E+3	2.234171E-8
1.500491E+3	4.930256E-8
1.500510E+3	2.234171E-8
1.500529E+3	3.582214E-8
1.500548E+3	8.861281E-9
1.500568E+3	8.861281E-9
1.500587E+3	-4.619146E-9
1.500606E+3	8.861281E-9
1.500625E+3	-1.809957E-8
1.500645E+3	3.582214E-8
1.500664E+3	8.861281E-9
1.500683E+3	8.861281E-9
1.500702E+3	8.861281E-9
1.500722E+3	-3.158000E-8
1.500741E+3	-4.619146E-9
1.500760E+3	8.861281E-9
1.500779E+3	-1.809957E-8
1.500799E+3	2.234171E-8
1.500818E+3	-3.158000E-8
1.500837E+3	2.234171E-8
1.500856E+3	8.861281E-9
1.500876E+3	3.582214E-8
1.500895E+3	-4.619146E-9
1.500914E+3	8.861281E-9
1.500933E+3	3.582214E-8
1.500953E+3	3.582214E-8
1.500972E+3	8.861281E-9
1.500991E+3	-4.619146E-9
1.501010E+3	8.861281E-9
1.501030E+3	4.930256E-8
1.501049E+3	2.234171E-8
1.501068E+3	8.861281E-9
1.501087E+3	-4.619146E-9
1.501107E+3	-4.619146E-9
1.501126E+3	-3.158000E-8
1.501145E+3	-3.158000E-8
1.501164E+3	-1.809957E-8
1.501184E+3	2.234171E-8
1.501203E+3	8.861281E-9
1.501222E+3	-1.809957E-8
1.501241E+3	3.582214E-8
1.501261E+3	8.861281E-9
1.501280E+3	-4.619146E-9
1.501299E+3	-1.809957E-8
1.501318E+3	-3.158000E-8
1.501338E+3	4.930256E-8
1.501357E+3	-4.619146E-9
1.501376E+3	3.582214E-8
1.501395E+3	8.861281E-9
1.501415E+3	8.861281E-9
1.501434E+3	8.861281E-9
1.501453E+3	-1.809957E-8
1.501472E+3	8.861281E-9
1.501492E+3	2.234171E-8
1.501511E+3	3.582214E-8
1.501530E+3	4.930256E-8
1.501550E+3	-4.619146E-9
1.501569E+3	3.582214E-8
1.501588E+3	-4.619146E-9
1.501607E+3	8.861281E-9
1.501627E+3	2.234171E-8
1.501646E+3	8.861281E-9
1.501665E+3	4.930256E-8
1.501684E+3	8.861281E-9
1.501704E+3	8.861281E-9
1.501723E+3	8.861281E-9
1.501742E+3	-1.809957E-8
1.501761E+3	8.861281E-9
1.501781E+3	-1.809957E-8
1.501800E+3	8.861281E-9
1.501819E+3	-1.809957E-8
1.501838E+3	8.861281E-9
1.501858E+3	8.861281E-9
1.501877E+3	2.234171E-8
1.501896E+3	-4.619146E-9
1.501915E+3	8.861281E-9
1.501935E+3	-4.619146E-9
1.501954E+3	-4.619146E-9
1.501973E+3	-4.619146E-9
1.501992E+3	-4.619146E-9
1.502012E+3	-4.619146E-9
1.502031E+3	3.582214E-8
1.502050E+3	8.861281E-9
1.502069E+3	8.861281E-9
1.502089E+3	8.861281E-9
1.502108E+3	-3.158000E-8
1.502127E+3	3.582214E-8
1.502146E+3	8.861281E-9
1.502166E+3	-4.619146E-9
1.502185E+3	2.234171E-8
1.502204E+3	-4.619146E-9
1.502223E+3	8.861281E-9
1.502243E+3	-4.619146E-9
1.502262E+3	-4.619146E-9
1.502281E+3	-3.158000E-8
1.502300E+3	-3.158000E-8
1.502320E+3	2.234171E-8
1.502339E+3	-3.158000E-8
1.502358E+3	8.861281E-9
1.502377E+3	-4.619146E-9
1.502397E+3	-4.506043E-8
1.502416E+3	2.234171E-8
1.502435E+3	8.861281E-9
1.502454E+3	2.234171E-8
1.502474E+3	-4.506043E-8
1.502493E+3	-3.158000E-8
1.502512E+3	8.861281E-9
1.502531E+3	3.582214E-8
1.502551E+3	3.582214E-8
1.502570E+3	3.582214E-8
1.502589E+3	2.234171E-8
1.502608E+3	-4.619146E-9
1.502628E+3	8.861281E-9
1.502647E+3	-4.619146E-9
1.502666E+3	-4.619146E-9
1.502685E+3	-1.809957E-8
1.502705E+3	3.582214E-8
1.502724E+3	8.861281E-9
1.502743E+3	2.234171E-8
1.502762E+3	2.234171E-8
1.502782E+3	2.234171E-8
1.502801E+3	8.861281E-9
1.502820E+3	4.930256E-8
1.502839E+3	8.861281E-9
1.502859E+3	2.234171E-8
1.502878E+3	3.582214E-8
1.502897E+3	-1.809957E-8
1.502916E+3	4.930256E-8
1.502936E+3	3.582214E-8
1.502955E+3	-1.809957E-8
1.502974E+3	2.234171E-8
1.502993E+3	4.930256E-8
1.503013E+3	8.861281E-9
1.503032E+3	-4.619146E-9
1.503051E+3	4.930256E-8
1.503070E+3	3.582214E-8
1.503090E+3	-1.809957E-8
1.503109E+3	8.861281E-9
1.503128E+3	-3.158000E-8
1.503148E+3	2.234171E-8
1.503167E+3	8.861281E-9
1.503186E+3	8.861281E-9
1.503205E+3	-3.158000E-8
1.503225E+3	8.861281E-9
1.503244E+3	-3.158000E-8
1.503263E+3	8.861281E-9
1.503282E+3	2.234171E-8
1.503302E+3	8.861281E-9
1.503321E+3	2.234171E-8
1.503340E+3	8.861281E-9
1.503359E+3	8.861281E-9
1.503379E+3	-4.619146E-9
1.503398E+3	2.234171E-8
1.503417E+3	2.234171E-8
1.503436E+3	8.861281E-9
1.503456E+3	2.234171E-8
1.503475E+3	2.234171E-8
1.503494E+3	8.861281E-9
1.503513E+3	2.234171E-8
1.503533E+3	6.278299E-8
1.503552E+3	2.234171E-8
1.503571E+3	3.582214E-8
1.503590E+3	6.278299E-8
1.503610E+3	2.234171E-8
1.503629E+3	7.626342E-8
1.503648E+3	4.930256E-8
1.503667E+3	2.234171E-8
1.503687E+3	3.582214E-8
1.503706E+3	8.861281E-9
1.503725E+3	7.626342E-8
1.503744E+3	4.930256E-8
1.503764E+3	4.930256E-8
1.503783E+3	4.930256E-8
1.503802E+3	3.582214E-8
1.503821E+3	4.930256E-8
1.503841E+3	7.626342E-8
1.503860E+3	3.582214E-8
1.503879E+3	7.626342E-8
1.503898E+3	7.626342E-8
1.503918E+3	8.861281E-9
1.503937E+3	6.278299E-8
1.503956E+3	7.626342E-8
1.503975E+3	8.861281E-9
1.503995E+3	2.234171E-8
1.504014E+3	-4.619146E-9
1.504033E+3	6.278299E-8
1.504052E+3	2.234171E-8
1.504072E+3	4.930256E-8
1.504091E+3	2.234171E-8
1.504110E+3	-4.619146E-9
1.504129E+3	-1.809957E-8
1.504149E+3	8.861281E-9
1.504168E+3	2.234171E-8
1.504187E+3	8.861281E-9
1.504206E+3	-1.809957E-8
1.504226E+3	-1.809957E-8
1.504245E+3	-4.619146E-9
1.504264E+3	-4.619146E-9
1.504283E+3	8.861281E-9
1.504303E+3	2.234171E-8
1.504322E+3	8.861281E-9
1.504341E+3	-1.809957E-8
1.504360E+3	8.861281E-9
1.504380E+3	3.582214E-8
1.504399E+3	-3.158000E-8
1.504418E+3	2.234171E-8
1.504437E+3	8.861281E-9
1.504457E+3	-1.809957E-8
1.504476E+3	-1.809957E-8
1.504495E+3	-4.619146E-9
1.504514E+3	4.930256E-8
1.504534E+3	8.861281E-9
1.504553E+3	-1.809957E-8
1.504572E+3	2.234171E-8
1.504591E+3	-3.158000E-8
1.504611E+3	8.861281E-9
1.504630E+3	-1.809957E-8
1.504649E+3	-3.158000E-8
1.504668E+3	-1.809957E-8
1.504688E+3	2.234171E-8
1.504707E+3	-4.619146E-9
1.504726E+3	6.278299E-8
1.504746E+3	8.861281E-9
1.504765E+3	-4.619146E-9
1.504784E+3	-4.619146E-9
1.504803E+3	-4.619146E-9
1.504823E+3	-4.619146E-9
1.504842E+3	-1.809957E-8
1.504861E+3	8.861281E-9
1.504880E+3	-1.809957E-8
1.504900E+3	8.861281E-9
1.504919E+3	2.234171E-8
1.504938E+3	3.582214E-8
1.504957E+3	6.278299E-8
1.504977E+3	6.278299E-8
1.504996E+3	3.582214E-8
1.505015E+3	3.582214E-8
1.505034E+3	3.582214E-8
1.505054E+3	8.861281E-9
1.505073E+3	4.930256E-8
1.505092E+3	2.234171E-8
1.505111E+3	-4.619146E-9
1.505131E+3	2.234171E-8
1.505150E+3	-4.619146E-9
1.505169E+3	6.278299E-8
1.505188E+3	-4.619146E-9
1.505208E+3	8.861281E-9
1.505227E+3	7.626342E-8
1.505246E+3	3.582214E-8
1.505265E+3	8.861281E-9
1.505285E+3	2.234171E-8
1.505304E+3	4.930256E-8
1.505323E+3	2.234171E-8
1.505342E+3	2.234171E-8
1.505362E+3	2.234171E-8
1.505381E+3	-4.619146E-9
1.505400E+3	-1.809957E-8
1.505419E+3	4.930256E-8
1.505439E+3	-1.809957E-8
1.505458E+3	4.930256E-8
1.505477E+3	8.861281E-9
1.505496E+3	4.930256E-8
1.505516E+3	-1.809957E-8
1.505535E+3	-1.809957E-8
1.505554E+3	3.582214E-8
1.505573E+3	3.582214E-8
1.505593E+3	2.234171E-8
1.505612E+3	2.234171E-8
1.505631E+3	2.234171E-8
1.505650E+3	4.930256E-8
1.505670E+3	3.582214E-8
1.505689E+3	-4.619146E-9
1.505708E+3	3.582214E-8
1.505727E+3	8.861281E-9
1.505747E+3	8.861281E-9
1.505766E+3	3.582214E-8
1.505785E+3	8.861281E-9
1.505804E+3	3.582214E-8
1.505824E+3	4.930256E-8
1.505843E+3	2.234171E-8
1.505862E+3	2.234171E-8
1.505881E+3	8.974385E-8
1.505901E+3	4.930256E-8
1.505920E+3	2.234171E-8
1.505939E+3	3.582214E-8
1.505958E+3	4.930256E-8
1.505978E+3	7.626342E-8
1.505997E+3	2.234171E-8
1.506016E+3	6.278299E-8
1.506035E+3	7.626342E-8
1.506055E+3	7.626342E-8
1.506074E+3	4.930256E-8
1.506093E+3	1.032243E-7
1.506112E+3	1.167047E-7
1.506132E+3	1.032243E-7
1.506151E+3	1.032243E-7
1.506170E+3	4.930256E-8
1.506189E+3	1.032243E-7
1.506209E+3	8.974385E-8
1.506228E+3	6.278299E-8
1.506247E+3	1.032243E-7
1.506266E+3	1.301851E-7
1.506286E+3	4.930256E-8
1.506305E+3	8.974385E-8
1.506324E+3	1.301851E-7
1.506343E+3	1.301851E-7
1.506363E+3	7.626342E-8
1.506382E+3	1.167047E-7
1.506401E+3	1.571460E-7
1.506421E+3	1.706264E-7
1.506440E+3	1.167047E-7
1.506459E+3	1.571460E-7
1.506478E+3	1.301851E-7
1.506498E+3	1.301851E-7
1.506517E+3	1.167047E-7
1.506536E+3	1.032243E-7
1.506555E+3	8.974385E-8
1.506575E+3	1.436656E-7
1.506594E+3	1.436656E-7
1.506613E+3	1.706264E-7
1.506632E+3	1.032243E-7
1.506652E+3	1.167047E-7
1.506671E+3	1.436656E-7
1.506690E+3	1.706264E-7
1.506709E+3	1.571460E-7
1.506729E+3	1.167047E-7
1.506748E+3	1.436656E-7
1.506767E+3	8.974385E-8
1.506786E+3	1.032243E-7
1.506806E+3	6.278299E-8
1.506825E+3	6.278299E-8
1.506844E+3	1.167047E-7
1.506863E+3	1.032243E-7
1.506883E+3	6.278299E-8
1.506902E+3	6.278299E-8
1.506921E+3	3.582214E-8
1.506940E+3	8.861281E-9
1.506960E+3	6.278299E-8
1.506979E+3	3.582214E-8
1.506998E+3	8.861281E-9
1.507017E+3	-4.619146E-9
1.507037E+3	4.930256E-8
1.507056E+3	6.278299E-8
1.507075E+3	2.234171E-8
1.507094E+3	8.861281E-9
1.507114E+3	4.930256E-8
1.507133E+3	3.582214E-8
1.507152E+3	7.626342E-8
1.507171E+3	2.234171E-8
1.507191E+3	4.930256E-8
1.507210E+3	3.582214E-8
1.507229E+3	4.930256E-8
1.507248E+3	3.582214E-8
1.507268E+3	8.861281E-9
1.507287E+3	3.582214E-8
1.507306E+3	8.974385E-8
1.507325E+3	8.974385E-8
1.507345E+3	1.032243E-7
1.507364E+3	7.626342E-8
1.507383E+3	7.626342E-8
1.507402E+3	1.167047E-7
1.507422E+3	8.974385E-8
1.507441E+3	8.974385E-8
1.507460E+3	1.032243E-7
1.507479E+3	1.301851E-7
1.507499E+3	1.167047E-7
1.507518E+3	1.167047E-7
1.507537E+3	1.167047E-7
1.507556E+3	1.571460E-7
1.507576E+3	1.706264E-7
1.507595E+3	1.706264E-7
1.507614E+3	1.436656E-7
1.507633E+3	1.571460E-7
1.507653E+3	1.975873E-7
1.507672E+3	1.706264E-7
1.507691E+3	1.167047E-7
1.507710E+3	1.301851E-7
1.507730E+3	1.975873E-7
1.507749E+3	1.975873E-7
1.507768E+3	1.975873E-7
1.507787E+3	1.841068E-7
1.507807E+3	1.571460E-7
1.507826E+3	2.110677E-7
1.507845E+3	1.975873E-7
1.507864E+3	2.245481E-7
1.507884E+3	2.515090E-7
1.507903E+3	2.245481E-7
1.507922E+3	2.649894E-7
1.507941E+3	2.380285E-7
1.507961E+3	2.245481E-7
1.507980E+3	2.515090E-7
1.507999E+3	2.380285E-7
1.508019E+3	1.841068E-7
1.508038E+3	2.245481E-7
1.508057E+3	2.515090E-7
1.508076E+3	1.841068E-7
1.508096E+3	2.245481E-7
1.508115E+3	1.841068E-7
1.508134E+3	1.706264E-7
1.508153E+3	2.245481E-7
1.508173E+3	1.975873E-7
1.508192E+3	1.841068E-7
1.508211E+3	2.245481E-7
1.508230E+3	2.380285E-7
1.508250E+3	2.919503E-7
1.508269E+3	3.189111E-7
1.508288E+3	3.728328E-7
1.508307E+3	4.402350E-7
1.508327E+3	4.941567E-7
1.508346E+3	5.885197E-7
1.508365E+3	6.694022E-7
1.508384E+3	7.637652E-7
1.508404E+3	9.120499E-7
1.508423E+3	1.073815E-6
1.508442E+3	1.249061E-6
1.508461E+3	1.491708E-6
1.508481E+3	1.774797E-6
1.508500E+3	2.030925E-6
1.508519E+3	2.233132E-6
1.508538E+3	2.597103E-6
1.508558E+3	2.947594E-6
1.508577E+3	3.405929E-6
1.508596E+3	3.648577E-6
1.508615E+3	3.985587E-6
1.508635E+3	4.336078E-6
1.508654E+3	4.619167E-6
1.508673E+3	5.104463E-6
1.508692E+3	5.481915E-6
1.508712E+3	5.738043E-6
1.508731E+3	5.899808E-6
1.508750E+3	6.102014E-6
1.508769E+3	6.209858E-6
1.508789E+3	6.344662E-6
1.508808E+3	6.398584E-6
1.508827E+3	6.358143E-6
1.508846E+3	6.506427E-6
1.508866E+3	6.762555E-6
1.508885E+3	6.776036E-6
1.508904E+3	6.749075E-6
1.508923E+3	6.843438E-6
1.508943E+3	6.398584E-6
1.508962E+3	6.155936E-6
1.508981E+3	5.980691E-6
1.509000E+3	5.778484E-6
1.509020E+3	5.468434E-6
1.509039E+3	5.401032E-6
1.509058E+3	5.090982E-6
1.509077E+3	4.942698E-6
1.509097E+3	4.551765E-6
1.509116E+3	4.160833E-6
1.509135E+3	3.877744E-6
1.509154E+3	3.500292E-6
1.509174E+3	3.257644E-6
1.509193E+3	3.028477E-6
1.509212E+3	2.731908E-6
1.509231E+3	2.502740E-6
1.509251E+3	2.327495E-6
1.509270E+3	1.977004E-6
1.509289E+3	1.734356E-6
1.509308E+3	1.505189E-6
1.509328E+3	1.289502E-6
1.509347E+3	1.127737E-6
1.509366E+3	9.794521E-7
1.509385E+3	8.850891E-7
1.509405E+3	7.502848E-7
1.509424E+3	6.289609E-7
1.509443E+3	6.154805E-7
1.509462E+3	5.480784E-7
1.509482E+3	4.806762E-7
1.509501E+3	4.132741E-7
1.509520E+3	3.863132E-7
1.509539E+3	3.997937E-7
1.509559E+3	3.997937E-7
1.509578E+3	3.997937E-7
1.509597E+3	3.728328E-7
1.509617E+3	3.458720E-7
1.509636E+3	3.323915E-7
1.509655E+3	3.863132E-7
1.509674E+3	3.323915E-7
1.509694E+3	3.863132E-7
1.509713E+3	3.189111E-7
1.509732E+3	2.919503E-7
1.509751E+3	3.189111E-7
1.509771E+3	3.054307E-7
1.509790E+3	2.515090E-7
1.509809E+3	2.245481E-7
1.509828E+3	1.975873E-7
1.509848E+3	2.380285E-7
1.509867E+3	1.841068E-7
1.509886E+3	1.975873E-7
1.509905E+3	1.436656E-7
1.509925E+3	1.706264E-7
1.509944E+3	1.436656E-7
1.509963E+3	1.571460E-7
1.509982E+3	1.032243E-7
1.510002E+3	1.436656E-7
1.510021E+3	1.032243E-7
1.510040E+3	1.032243E-7
1.510059E+3	3.582214E-8
1.510079E+3	6.278299E-8
1.510098E+3	7.626342E-8
1.510117E+3	6.278299E-8
1.510136E+3	3.582214E-8
1.510156E+3	4.930256E-8
1.510175E+3	-4.619146E-9
1.510194E+3	4.930256E-8
1.510213E+3	6.278299E-8
1.510233E+3	6.278299E-8
1.510252E+3	-1.809957E-8
1.510271E+3	8.861281E-9
1.510290E+3	-1.809957E-8
1.510310E+3	8.861281E-9
1.510329E+3	2.234171E-8
1.510348E+3	8.861281E-9
1.510367E+3	-1.809957E-8
1.510387E+3	3.582214E-8
1.510406E+3	8.861281E-9
1.510425E+3	3.582214E-8
1.510444E+3	8.861281E-9
1.510464E+3	8.861281E-9
1.510483E+3	-1.809957E-8
1.510502E+3	8.861281E-9
1.510521E+3	-4.619146E-9
1.510541E+3	8.861281E-9
1.510560E+3	8.861281E-9
1.510579E+3	3.582214E-8
1.510598E+3	2.234171E-8
1.510618E+3	-1.809957E-8
1.510637E+3	3.582214E-8
1.510656E+3	3.582214E-8
1.510675E+3	-4.619146E-9
1.510695E+3	4.930256E-8
1.510714E+3	3.582214E-8
1.510733E+3	7.626342E-8
1.510752E+3	7.626342E-8
1.510772E+3	4.930256E-8
1.510791E+3	6.278299E-8
1.510810E+3	8.974385E-8
1.510829E+3	1.032243E-7
1.510849E+3	1.571460E-7
1.510868E+3	1.301851E-7
1.510887E+3	1.301851E-7
1.510906E+3	1.975873E-7
1.510926E+3	1.706264E-7
1.510945E+3	1.706264E-7
1.510964E+3	2.110677E-7
1.510983E+3	1.975873E-7
1.511003E+3	2.110677E-7
1.511022E+3	1.975873E-7
1.511041E+3	2.515090E-7
1.511060E+3	1.841068E-7
1.511080E+3	2.380285E-7
1.511099E+3	1.975873E-7
1.511118E+3	1.706264E-7
1.511137E+3	2.380285E-7
1.511157E+3	1.706264E-7
1.511176E+3	1.571460E-7
1.511195E+3	2.110677E-7
1.511214E+3	1.841068E-7
1.511234E+3	1.841068E-7
1.511253E+3	1.841068E-7
1.511272E+3	1.975873E-7
1.511292E+3	1.571460E-7
1.511311E+3	1.436656E-7
1.511330E+3	1.301851E-7
1.511349E+3	8.974385E-8
1.511369E+3	1.167047E-7
1.511388E+3	1.167047E-7
1.511407E+3	1.032243E-7
1.511426E+3	1.301851E-7
1.511446E+3	1.032243E-7
1.511465E+3	8.974385E-8
1.511484E+3	7.626342E-8
1.511503E+3	8.974385E-8
1.511523E+3	4.930256E-8
1.511542E+3	8.974385E-8
1.511561E+3	6.278299E-8
1.511580E+3	4.930256E-8
1.511600E+3	2.234171E-8
1.511619E+3	4.930256E-8
1.511638E+3	3.582214E-8
1.511657E+3	7.626342E-8
1.511677E+3	8.861281E-9
1.511696E+3	2.234171E-8
1.511715E+3	6.278299E-8
1.511734E+3	8.861281E-9
1.511754E+3	2.234171E-8
1.511773E+3	4.930256E-8
1.511792E+3	2.234171E-8
1.511811E+3	3.582214E-8
1.511831E+3	8.861281E-9
1.511850E+3	-4.619146E-9
1.511869E+3	2.234171E-8
1.511888E+3	8.861281E-9
1.511908E+3	6.278299E-8
1.511927E+3	8.861281E-9
1.511946E+3	3.582214E-8
1.511965E+3	4.930256E-8
1.511985E+3	-4.619146E-9
1.512004E+3	4.930256E-8
1.512023E+3	8.861281E-9
1.512042E+3	4.930256E-8
1.512062E+3	8.861281E-9
1.512081E+3	-1.809957E-8
1.512100E+3	4.930256E-8
1.512119E+3	8.861281E-9
1.512139E+3	-4.619146E-9
1.512158E+3	3.582214E-8
1.512177E+3	4.930256E-8
1.512196E+3	2.234171E-8
1.512216E+3	8.861281E-9
1.512235E+3	2.234171E-8
1.512254E+3	-3.158000E-8
1.512273E+3	-4.619146E-9
1.512293E+3	-4.619146E-9
1.512312E+3	-4.619146E-9
1.512331E+3	-3.158000E-8
1.512350E+3	3.582214E-8
1.512370E+3	8.861281E-9
1.512389E+3	2.234171E-8
1.512408E+3	8.861281E-9
1.512427E+3	-3.158000E-8
1.512447E+3	-1.809957E-8
1.512466E+3	-3.158000E-8
1.512485E+3	-3.158000E-8
1.512504E+3	4.930256E-8
1.512524E+3	-4.619146E-9
1.512543E+3	-4.619146E-9
1.512562E+3	-1.809957E-8
1.512581E+3	8.861281E-9
1.512601E+3	8.861281E-9
1.512620E+3	3.582214E-8
1.512639E+3	-3.158000E-8
1.512658E+3	-3.158000E-8
1.512678E+3	3.582214E-8
1.512697E+3	3.582214E-8
1.512716E+3	-1.809957E-8
1.512735E+3	3.582214E-8
1.512755E+3	3.582214E-8
1.512774E+3	-4.619146E-9
1.512793E+3	4.930256E-8
1.512812E+3	3.582214E-8
1.512832E+3	2.234171E-8
1.512851E+3	-3.158000E-8
1.512870E+3	-4.619146E-9
1.512890E+3	2.234171E-8
1.512909E+3	-1.809957E-8
1.512928E+3	-1.809957E-8
1.512947E+3	8.861281E-9
1.512967E+3	8.861281E-9
1.512986E+3	8.861281E-9
1.513005E+3	3.582214E-8
1.513024E+3	2.234171E-8
1.513044E+3	-3.158000E-8
1.513063E+3	8.861281E-9
1.513082E+3	-4.619146E-9
1.513101E+3	3.582214E-8
1.513121E+3	8.861281E-9
1.513140E+3	-4.619146E-9
1.513159E+3	-3.158000E-8
1.513178E+3	8.861281E-9
1.513198E+3	8.861281E-9
1.513217E+3	8.861281E-9
1.513236E+3	-3.158000E-8
1.513255E+3	-4.619146E-9
1.513275E+3	8.861281E-9
1.513294E+3	-1.809957E-8
1.513313E+3	-4.619146E-9
1.513332E+3	-3.158000E-8
1.513352E+3	8.861281E-9
1.513371E+3	2.234171E-8
1.513390E+3	2.234171E-8
1.513409E+3	8.861281E-9
1.513429E+3	3.582214E-8
1.513448E+3	3.582214E-8
1.513467E+3	-1.809957E-8
1.513486E+3	8.861281E-9
1.513506E+3	2.234171E-8
1.513525E+3	-1.809957E-8
1.513544E+3	8.861281E-9
1.513563E+3	8.861281E-9
1.513583E+3	3.582214E-8
1.513602E+3	-1.809957E-8
1.513621E+3	2.234171E-8
1.513640E+3	2.234171E-8
1.513660E+3	2.234171E-8
1.513679E+3	-4.619146E-9
1.513698E+3	-4.619146E-9
1.513717E+3	6.278299E-8
1.513737E+3	6.278299E-8
1.513756E+3	3.582214E-8
1.513775E+3	3.582214E-8
1.513794E+3	3.582214E-8
1.513814E+3	7.626342E-8
1.513833E+3	2.234171E-8
1.513852E+3	6.278299E-8
1.513871E+3	8.861281E-9
1.513891E+3	3.582214E-8
1.513910E+3	7.626342E-8
1.513929E+3	3.582214E-8
1.513948E+3	-4.619146E-9
1.513968E+3	4.930256E-8
1.513987E+3	6.278299E-8
1.514006E+3	8.861281E-9
1.514025E+3	-4.619146E-9
1.514045E+3	4.930256E-8
1.514064E+3	3.582214E-8
1.514083E+3	2.234171E-8
1.514102E+3	2.234171E-8
1.514122E+3	8.861281E-9
1.514141E+3	2.234171E-8
1.514160E+3	2.234171E-8
1.514179E+3	8.861281E-9
1.514199E+3	8.861281E-9
1.514218E+3	-4.619146E-9
1.514237E+3	-1.809957E-8
1.514256E+3	-4.619146E-9
1.514276E+3	8.861281E-9
1.514295E+3	8.861281E-9
1.514314E+3	2.234171E-8
1.514333E+3	2.234171E-8
1.514353E+3	-1.809957E-8
1.514372E+3	6.278299E-8
1.514391E+3	8.861281E-9
1.514410E+3	8.861281E-9
1.514430E+3	3.582214E-8
1.514449E+3	-4.619146E-9
1.514468E+3	4.930256E-8
1.514488E+3	3.582214E-8
1.514507E+3	-1.809957E-8
1.514526E+3	4.930256E-8
1.514545E+3	3.582214E-8
1.514565E+3	8.861281E-9
1.514584E+3	2.234171E-8
1.514603E+3	8.861281E-9
1.514622E+3	2.234171E-8
1.514642E+3	-4.619146E-9
1.514661E+3	3.582214E-8
1.514680E+3	8.861281E-9
1.514699E+3	2.234171E-8
1.514719E+3	7.626342E-8
1.514738E+3	-4.619146E-9
1.514757E+3	3.582214E-8
1.514776E+3	6.278299E-8
1.514796E+3	8.861281E-9
1.514815E+3	6.278299E-8
1.514834E+3	8.861281E-9
1.514853E+3	6.278299E-8
1.514873E+3	8.861281E-9
1.514892E+3	6.278299E-8
1.514911E+3	8.861281E-9
1.514930E+3	3.582214E-8
1.514950E+3	4.930256E-8
1.514969E+3	7.626342E-8
1.514988E+3	2.234171E-8
1.515007E+3	6.278299E-8
1.515027E+3	2.234171E-8
1.515046E+3	6.278299E-8
1.515065E+3	2.234171E-8
1.515084E+3	2.234171E-8
1.515104E+3	8.861281E-9
1.515123E+3	8.861281E-9
1.515142E+3	-3.158000E-8
1.515161E+3	-1.809957E-8
1.515181E+3	8.861281E-9
1.515200E+3	2.234171E-8
1.515219E+3	8.861281E-9
1.515238E+3	-1.809957E-8
1.515258E+3	-3.158000E-8
1.515277E+3	2.234171E-8
1.515296E+3	-4.619146E-9
1.515315E+3	3.582214E-8
1.515335E+3	-4.619146E-9
1.515354E+3	8.861281E-9
1.515373E+3	8.861281E-9
1.515392E+3	-4.506043E-8
1.515412E+3	-4.619146E-9
1.515431E+3	8.861281E-9
1.515450E+3	-4.619146E-9
1.515469E+3	4.930256E-8
1.515489E+3	3.582214E-8
1.515508E+3	-1.809957E-8
1.515527E+3	8.861281E-9
1.515546E+3	-4.619146E-9
1.515566E+3	-4.619146E-9
1.515585E+3	-1.809957E-8
1.515604E+3	8.861281E-9
1.515623E+3	4.930256E-8
1.515643E+3	-1.809957E-8
1.515662E+3	3.582214E-8
1.515681E+3	8.861281E-9
1.515700E+3	8.861281E-9
1.515720E+3	8.861281E-9
1.515739E+3	8.861281E-9
1.515758E+3	-1.809957E-8
1.515777E+3	8.861281E-9
1.515797E+3	3.582214E-8
1.515816E+3	-1.809957E-8
1.515835E+3	-1.809957E-8
1.515854E+3	3.582214E-8
1.515874E+3	2.234171E-8
1.515893E+3	2.234171E-8
1.515912E+3	8.861281E-9
1.515931E+3	-1.809957E-8
1.515951E+3	8.861281E-9
1.515970E+3	2.234171E-8
1.515989E+3	2.234171E-8
1.516008E+3	-1.809957E-8
1.516028E+3	8.861281E-9
1.516047E+3	-3.158000E-8
1.516066E+3	-3.158000E-8
1.516086E+3	-4.619146E-9
1.516105E+3	8.861281E-9
1.516124E+3	3.582214E-8
1.516143E+3	4.930256E-8
1.516163E+3	-1.809957E-8
1.516182E+3	8.861281E-9
1.516201E+3	8.861281E-9
1.516220E+3	-4.619146E-9
1.516240E+3	4.930256E-8
1.516259E+3	3.582214E-8
1.516278E+3	3.582214E-8
1.516297E+3	-1.809957E-8
1.516317E+3	8.861281E-9
1.516336E+3	-1.809957E-8
1.516355E+3	8.861281E-9
1.516374E+3	2.234171E-8
1.516394E+3	3.582214E-8
1.516413E+3	-3.158000E-8
1.516432E+3	-4.619146E-9
1.516451E+3	-4.506043E-8
1.516471E+3	-4.619146E-9
1.516490E+3	3.582214E-8
1.516509E+3	3.582214E-8
1.516528E+3	8.861281E-9
1.516548E+3	-4.619146E-9
1.516567E+3	8.861281E-9
1.516586E+3	2.234171E-8
1.516605E+3	-4.506043E-8
1.516625E+3	8.861281E-9
1.516644E+3	3.582214E-8
1.516663E+3	-3.158000E-8
1.516682E+3	-4.619146E-9
1.516702E+3	-1.809957E-8
1.516721E+3	-1.809957E-8
1.516740E+3	-1.809957E-8
1.516759E+3	-1.809957E-8
1.516779E+3	8.861281E-9
1.516798E+3	-4.619146E-9
1.516817E+3	8.861281E-9
1.516836E+3	4.930256E-8
1.516856E+3	8.861281E-9
1.516875E+3	-3.158000E-8
1.516894E+3	4.930256E-8
1.516913E+3	8.861281E-9
1.516933E+3	8.861281E-9
1.516952E+3	2.234171E-8
1.516971E+3	3.582214E-8
1.516990E+3	2.234171E-8
1.517010E+3	8.861281E-9
1.517029E+3	2.234171E-8
1.517048E+3	-1.809957E-8
1.517067E+3	2.234171E-8
1.517087E+3	4.930256E-8
1.517106E+3	-4.506043E-8
1.517125E+3	8.861281E-9
1.517144E+3	4.930256E-8
1.517164E+3	8.861281E-9
1.517183E+3	2.234171E-8
1.517202E+3	8.861281E-9
1.517221E+3	2.234171E-8
1.517241E+3	2.234171E-8
1.517260E+3	8.861281E-9
1.517279E+3	4.930256E-8
1.517298E+3	-4.619146E-9
1.517318E+3	-1.809957E-8
1.517337E+3	8.861281E-9
1.517356E+3	4.930256E-8
1.517375E+3	2.234171E-8
1.517395E+3	-1.809957E-8
1.517414E+3	8.861281E-9
1.517433E+3	-1.809957E-8
1.517452E+3	6.278299E-8
1.517472E+3	3.582214E-8
1.517491E+3	8.861281E-9
1.517510E+3	6.278299E-8
1.517529E+3	2.234171E-8
1.517549E+3	3.582214E-8
1.517568E+3	4.930256E-8
1.517587E+3	2.234171E-8
1.517606E+3	8.861281E-9
1.517626E+3	8.861281E-9
1.517645E+3	8.861281E-9
1.517664E+3	4.930256E-8
1.517683E+3	8.861281E-9
1.517703E+3	-1.809957E-8
1.517722E+3	-3.158000E-8
1.517741E+3	-3.158000E-8
1.517761E+3	2.234171E-8
1.517780E+3	8.861281E-9
1.517799E+3	-3.158000E-8
1.517818E+3	2.234171E-8
1.517838E+3	8.861281E-9
1.517857E+3	3.582214E-8
1.517876E+3	2.234171E-8
1.517895E+3	8.861281E-9
1.517915E+3	-4.619146E-9
1.517934E+3	-4.619146E-9
1.517953E+3	8.861281E-9
1.517972E+3	8.861281E-9
1.517992E+3	-4.506043E-8
1.518011E+3	-1.809957E-8
1.518030E+3	8.861281E-9
1.518049E+3	-1.809957E-8
1.518069E+3	4.930256E-8
1.518088E+3	-4.619146E-9
1.518107E+3	-1.809957E-8
1.518126E+3	8.861281E-9
1.518146E+3	8.861281E-9
1.518165E+3	8.861281E-9
1.518184E+3	8.861281E-9
1.518203E+3	8.861281E-9
1.518223E+3	2.234171E-8
1.518242E+3	4.930256E-8
1.518261E+3	8.861281E-9
1.518280E+3	-1.809957E-8
1.518300E+3	4.930256E-8
1.518319E+3	3.582214E-8
1.518338E+3	8.861281E-9
1.518357E+3	3.582214E-8
1.518377E+3	8.861281E-9
1.518396E+3	3.582214E-8
1.518415E+3	8.861281E-9
1.518434E+3	-1.809957E-8
1.518454E+3	-3.158000E-8
1.518473E+3	8.861281E-9
1.518492E+3	-4.619146E-9
1.518511E+3	-1.809957E-8
1.518531E+3	8.861281E-9
1.518550E+3	2.234171E-8
1.518569E+3	-4.619146E-9
1.518588E+3	-3.158000E-8
1.518608E+3	-3.158000E-8
1.518627E+3	-1.809957E-8
1.518646E+3	3.582214E-8
1.518665E+3	-3.158000E-8
1.518685E+3	-1.809957E-8
1.518704E+3	4.930256E-8
1.518723E+3	2.234171E-8
1.518742E+3	-4.619146E-9
1.518762E+3	-3.158000E-8
1.518781E+3	2.234171E-8
1.518800E+3	8.861281E-9
1.518819E+3	3.582214E-8
1.518839E+3	2.234171E-8
1.518858E+3	-3.158000E-8
1.518877E+3	-5.854086E-8
1.518896E+3	8.861281E-9
1.518916E+3	8.861281E-9
1.518935E+3	-1.809957E-8
1.518954E+3	-1.809957E-8
1.518973E+3	8.861281E-9
1.518993E+3	-3.158000E-8
1.519012E+3	-4.619146E-9
1.519031E+3	2.234171E-8
1.519050E+3	-4.619146E-9
1.519070E+3	2.234171E-8
1.519089E+3	3.582214E-8
1.519108E+3	3.582214E-8
1.519127E+3	8.861281E-9
1.519147E+3	3.582214E-8
1.519166E+3	2.234171E-8
1.519185E+3	2.234171E-8
1.519204E+3	3.582214E-8
1.519224E+3	3.582214E-8
1.519243E+3	8.861281E-9
1.519262E+3	-4.506043E-8
1.519281E+3	-4.619146E-9
1.519301E+3	8.861281E-9
1.519320E+3	-4.619146E-9
1.519339E+3	8.861281E-9
1.519359E+3	-1.809957E-8
1.519378E+3	-4.619146E-9
1.519397E+3	-3.158000E-8
1.519416E+3	8.861281E-9
1.519436E+3	3.582214E-8
1.519455E+3	-4.619146E-9
1.519474E+3	-4.619146E-9
1.519493E+3	-4.619146E-9
1.519513E+3	3.582214E-8
1.519532E+3	-3.158000E-8
1.519551E+3	2.234171E-8
1.519570E+3	8.861281E-9
1.519590E+3	3.582214E-8
1.519609E+3	-4.619146E-9
1.519628E+3	-4.619146E-9
1.519647E+3	2.234171E-8
1.519667E+3	-3.158000E-8
1.519686E+3	-3.158000E-8
1.519705E+3	-4.506043E-8
1.519724E+3	8.861281E-9
1.519744E+3	3.582214E-8
1.519763E+3	-4.619146E-9
1.519782E+3	8.861281E-9
1.519801E+3	2.234171E-8
1.519821E+3	8.861281E-9
1.519840E+3	2.234171E-8
1.519859E+3	8.861281E-9
1.519878E+3	-4.619146E-9
1.519898E+3	3.582214E-8
1.519917E+3	-4.619146E-9
1.519936E+3	8.861281E-9
1.519955E+3	8.861281E-9
1.519975E+3	-1.809957E-8
1.519994E+3	2.234171E-8
1.520013E+3	-1.809957E-8
1.520032E+3	-3.158000E-8
1.520052E+3	-1.809957E-8
1.520071E+3	-3.158000E-8
1.520090E+3	-1.809957E-8
1.520109E+3	2.234171E-8
1.520129E+3	-1.809957E-8
1.520148E+3	8.861281E-9
1.520167E+3	2.234171E-8
1.520186E+3	4.930256E-8
1.520206E+3	2.234171E-8
1.520225E+3	2.234171E-8
1.520244E+3	-4.619146E-9
1.520263E+3	-3.158000E-8
1.520283E+3	8.861281E-9
1.520302E+3	3.582214E-8
1.520321E+3	3.582214E-8
1.520340E+3	2.234171E-8
1.520360E+3	8.861281E-9
1.520379E+3	8.861281E-9
1.520398E+3	-1.809957E-8
1.520417E+3	8.861281E-9
1.520437E+3	-4.619146E-9
1.520456E+3	2.234171E-8
1.520475E+3	-4.619146E-9
1.520494E+3	2.234171E-8
1.520514E+3	8.861281E-9
1.520533E+3	2.234171E-8
1.520552E+3	-1.809957E-8
1.520571E+3	8.861281E-9
1.520591E+3	8.861281E-9
1.520610E+3	8.861281E-9
1.520629E+3	-3.158000E-8
1.520648E+3	8.861281E-9
1.520668E+3	8.861281E-9
1.520687E+3	3.582214E-8
1.520706E+3	3.582214E-8
1.520725E+3	8.861281E-9
1.520745E+3	8.861281E-9
1.520764E+3	8.861281E-9
1.520783E+3	-1.809957E-8
1.520802E+3	-1.809957E-8
1.520822E+3	8.861281E-9
1.520841E+3	8.861281E-9
1.520860E+3	-4.619146E-9
1.520879E+3	-3.158000E-8
1.520899E+3	3.582214E-8
1.520918E+3	8.861281E-9
1.520937E+3	3.582214E-8
1.520957E+3	4.930256E-8
1.520976E+3	-4.619146E-9
1.520995E+3	-1.809957E-8
1.521014E+3	3.582214E-8
1.521034E+3	8.861281E-9
1.521053E+3	8.861281E-9
1.521072E+3	-1.809957E-8
1.521091E+3	6.278299E-8
1.521111E+3	8.861281E-9
1.521130E+3	8.861281E-9
1.521149E+3	8.861281E-9
1.521168E+3	3.582214E-8
1.521188E+3	3.582214E-8
1.521207E+3	4.930256E-8
1.521226E+3	3.582214E-8
1.521245E+3	8.861281E-9
1.521265E+3	-1.809957E-8
1.521284E+3	3.582214E-8
1.521303E+3	-1.809957E-8
1.521322E+3	-3.158000E-8
1.521342E+3	8.861281E-9
1.521361E+3	-4.619146E-9
1.521380E+3	3.582214E-8
1.521399E+3	4.930256E-8
1.521419E+3	8.861281E-9
1.521438E+3	-4.619146E-9
1.521457E+3	-1.809957E-8
1.521476E+3	-1.809957E-8
1.521496E+3	-3.158000E-8
1.521515E+3	-1.809957E-8
1.521534E+3	3.582214E-8
1.521553E+3	-4.619146E-9
1.521573E+3	8.861281E-9
1.521592E+3	8.861281E-9
1.521611E+3	8.861281E-9
1.521630E+3	3.582214E-8
1.521650E+3	-1.809957E-8
1.521669E+3	2.234171E-8
1.521688E+3	8.861281E-9
1.521707E+3	8.861281E-9
1.521727E+3	-4.619146E-9
1.521746E+3	8.861281E-9
1.521765E+3	-4.619146E-9
1.521784E+3	-4.619146E-9
1.521804E+3	8.861281E-9
1.521823E+3	-4.619146E-9
1.521842E+3	-4.619146E-9
1.521861E+3	3.582214E-8
1.521881E+3	-3.158000E-8
1.521900E+3	-3.158000E-8
1.521919E+3	-3.158000E-8
1.521938E+3	3.582214E-8
1.521958E+3	-4.619146E-9
1.521977E+3	8.861281E-9
1.521996E+3	2.234171E-8
1.522015E+3	-4.619146E-9
1.522035E+3	-1.809957E-8
1.522054E+3	2.234171E-8
1.522073E+3	-3.158000E-8
1.522092E+3	-1.809957E-8
1.522112E+3	8.861281E-9
1.522131E+3	3.582214E-8
1.522150E+3	-4.619146E-9
1.522169E+3	8.861281E-9
1.522189E+3	-4.619146E-9
1.522208E+3	-4.619146E-9
1.522227E+3	-3.158000E-8
1.522246E+3	-4.619146E-9
1.522266E+3	3.582214E-8
1.522285E+3	-3.158000E-8
1.522304E+3	-1.809957E-8
1.522323E+3	-4.506043E-8
1.522343E+3	-3.158000E-8
1.522362E+3	8.861281E-9
1.522381E+3	-4.619146E-9
1.522400E+3	2.234171E-8
1.522420E+3	-4.619146E-9
1.522439E+3	-1.809957E-8
1.522458E+3	8.861281E-9
1.522477E+3	2.234171E-8
1.522497E+3	-3.158000E-8
1.522516E+3	8.861281E-9
1.522535E+3	8.861281E-9
1.522554E+3	-4.619146E-9
1.522574E+3	-4.619146E-9
1.522593E+3	2.234171E-8
1.522612E+3	2.234171E-8
1.522632E+3	8.861281E-9
1.522651E+3	-3.158000E-8
1.522670E+3	8.861281E-9
1.522689E+3	-1.809957E-8
1.522709E+3	-3.158000E-8
1.522728E+3	-1.809957E-8
1.522747E+3	8.861281E-9
1.522766E+3	-3.158000E-8
1.522786E+3	-4.506043E-8
1.522805E+3	8.861281E-9
1.522824E+3	-4.619146E-9
1.522843E+3	8.861281E-9
1.522863E+3	8.861281E-9
1.522882E+3	-3.158000E-8
1.522901E+3	-4.619146E-9
1.522920E+3	-4.619146E-9
1.522940E+3	-4.619146E-9
1.522959E+3	8.861281E-9
1.522978E+3	8.861281E-9
1.522997E+3	8.861281E-9
1.523017E+3	-4.619146E-9
1.523036E+3	3.582214E-8
1.523055E+3	3.582214E-8
1.523074E+3	8.861281E-9
1.523094E+3	3.582214E-8
1.523113E+3	-4.619146E-9
1.523132E+3	-3.158000E-8
1.523151E+3	-1.809957E-8
1.523171E+3	8.861281E-9
1.523190E+3	3.582214E-8
1.523209E+3	8.861281E-9
1.523228E+3	8.861281E-9
1.523248E+3	8.861281E-9
1.523267E+3	-3.158000E-8
1.523286E+3	-1.809957E-8
1.523305E+3	8.861281E-9
1.523325E+3	8.861281E-9
1.523344E+3	3.582214E-8
1.523363E+3	3.582214E-8
1.523382E+3	-4.619146E-9
1.523402E+3	3.582214E-8
1.523421E+3	-1.809957E-8
1.523440E+3	-1.809957E-8
1.523459E+3	8.861281E-9
1.523479E+3	2.234171E-8
1.523498E+3	8.861281E-9
1.523517E+3	2.234171E-8
1.523536E+3	8.861281E-9
1.523556E+3	2.234171E-8
1.523575E+3	8.861281E-9
1.523594E+3	8.861281E-9
1.523613E+3	8.861281E-9
1.523633E+3	-4.506043E-8
1.523652E+3	4.930256E-8
1.523671E+3	-3.158000E-8
1.523690E+3	3.582214E-8
1.523710E+3	3.582214E-8
1.523729E+3	-1.809957E-8
1.523748E+3	-4.619146E-9
1.523767E+3	-1.809957E-8
1.523787E+3	-4.619146E-9
1.523806E+3	-3.158000E-8
1.523825E+3	-3.158000E-8
1.523844E+3	8.861281E-9
1.523864E+3	-3.158000E-8
1.523883E+3	2.234171E-8
1.523902E+3	-1.809957E-8
1.523921E+3	2.234171E-8
1.523941E+3	8.861281E-9
1.523960E+3	-1.809957E-8
1.523979E+3	-4.619146E-9
1.523998E+3	8.861281E-9
1.524018E+3	-1.809957E-8
1.524037E+3	2.234171E-8
1.524056E+3	8.861281E-9
1.524075E+3	-4.506043E-8
1.524095E+3	8.861281E-9
1.524114E+3	-1.809957E-8
1.524133E+3	3.582214E-8
1.524152E+3	8.861281E-9
1.524172E+3	8.861281E-9
1.524191E+3	-3.158000E-8
1.524210E+3	-4.619146E-9
1.524230E+3	-4.619146E-9
1.524249E+3	-3.158000E-8
1.524268E+3	-1.809957E-8
1.524287E+3	3.582214E-8
1.524307E+3	-1.809957E-8
1.524326E+3	-4.619146E-9
1.524345E+3	8.861281E-9
1.524364E+3	-3.158000E-8
1.524384E+3	-4.619146E-9
1.524403E+3	-3.158000E-8
1.524422E+3	-4.619146E-9
1.524441E+3	-4.619146E-9
1.524461E+3	-4.619146E-9
1.524480E+3	8.861281E-9
1.524499E+3	3.582214E-8
1.524518E+3	-1.809957E-8
1.524538E+3	8.861281E-9
1.524557E+3	-1.809957E-8
1.524576E+3	3.582214E-8
1.524595E+3	3.582214E-8
1.524615E+3	3.582214E-8
1.524634E+3	8.861281E-9
1.524653E+3	8.861281E-9
1.524672E+3	8.861281E-9
1.524692E+3	3.582214E-8
1.524711E+3	-3.158000E-8
1.524730E+3	-4.619146E-9
1.524749E+3	2.234171E-8
1.524769E+3	8.861281E-9
1.524788E+3	-4.619146E-9
1.524807E+3	8.861281E-9
1.524826E+3	-1.809957E-8
1.524846E+3	3.582214E-8
1.524865E+3	-3.158000E-8
1.524884E+3	-1.809957E-8
1.524903E+3	-1.809957E-8
1.524923E+3	4.930256E-8
1.524942E+3	-4.619146E-9
1.524961E+3	-4.619146E-9
1.524980E+3	-4.506043E-8
