1.475000E+3	7.301773E-5
1.475019E+3	7.274812E-5
1.475039E+3	7.450057E-5
1.475058E+3	7.355694E-5
1.475077E+3	7.355694E-5
1.475096E+3	7.207410E-5
1.475116E+3	7.301773E-5
1.475135E+3	7.342214E-5
1.475154E+3	7.207410E-5
1.475173E+3	7.315253E-5
1.475193E+3	7.557901E-5
1.475212E+3	7.382655E-5
1.475231E+3	7.517459E-5
1.475250E+3	7.571381E-5
1.475270E+3	7.423096E-5
1.475289E+3	7.611822E-5
1.475308E+3	7.247851E-5
1.475327E+3	7.611822E-5
1.475347E+3	7.153488E-5
1.475366E+3	7.584861E-5
1.475385E+3	7.274812E-5
1.475404E+3	7.477018E-5
1.475424E+3	7.261331E-5
1.475443E+3	7.463538E-5
1.475462E+3	7.207410E-5
1.475481E+3	7.220890E-5
1.475501E+3	7.315253E-5
1.475520E+3	7.234370E-5
1.475539E+3	7.261331E-5
1.475558E+3	7.126527E-5
1.475578E+3	7.315253E-5
1.475597E+3	6.910840E-5
1.475616E+3	7.450057E-5
1.475635E+3	7.005203E-5
1.475655E+3	7.638783E-5
1.475674E+3	7.193929E-5
1.475693E+3	7.638783E-5
1.475712E+3	7.342214E-5
1.475732E+3	7.611822E-5
1.475751E+3	7.234370E-5
1.475770E+3	7.423096E-5
1.475789E+3	7.396135E-5
1.475809E+3	7.369175E-5
1.475828E+3	7.450057E-5
1.475847E+3	7.274812E-5
1.475866E+3	7.490498E-5
1.475886E+3	7.207410E-5
1.475905E+3	7.503979E-5
1.475924E+3	7.018684E-5
1.475943E+3	7.490498E-5
1.475963E+3	7.072605E-5
1.475982E+3	7.557901E-5
1.476001E+3	7.072605E-5
1.476020E+3	7.396135E-5
1.476040E+3	7.086086E-5
1.476059E+3	7.247851E-5
1.476078E+3	7.140007E-5
1.476098E+3	6.964762E-5
1.476117E+3	7.018684E-5
1.476136E+3	7.086086E-5
1.476155E+3	7.140007E-5
1.476175E+3	6.951281E-5
1.476194E+3	7.342214E-5
1.476213E+3	6.910840E-5
1.476232E+3	7.234370E-5
1.476252E+3	7.005203E-5
1.476271E+3	7.450057E-5
1.476290E+3	6.910840E-5
1.476309E+3	7.342214E-5
1.476329E+3	7.153488E-5
1.476348E+3	7.490498E-5
1.476367E+3	7.234370E-5
1.476386E+3	7.342214E-5
1.476406E+3	7.180449E-5
1.476425E+3	7.018684E-5
1.476444E+3	7.288292E-5
1.476463E+3	7.005203E-5
1.476483E+3	7.261331E-5
1.476502E+3	6.708634E-5
1.476521E+3	7.355694E-5
1.476540E+3	6.843438E-5
1.476560E+3	7.396135E-5
1.476579E+3	6.978242E-5
1.476598E+3	7.288292E-5
1.476617E+3	7.086086E-5
1.476637E+3	7.207410E-5
1.476656E+3	7.059125E-5
1.476675E+3	7.180449E-5
1.476694E+3	7.018684E-5
1.476714E+3	7.140007E-5
1.476733E+3	7.153488E-5
1.476752E+3	7.140007E-5
1.476771E+3	7.490498E-5
1.476791E+3	7.086086E-5
1.476810E+3	7.557901E-5
1.476829E+3	7.045644E-5
1.476848E+3	7.584861E-5
1.476868E+3	7.032164E-5
1.476887E+3	7.328733E-5
1.476906E+3	7.274812E-5
1.476925E+3	7.126527E-5
1.476945E+3	7.207410E-5
1.476964E+3	6.951281E-5
1.476983E+3	7.288292E-5
1.477002E+3	6.964762E-5
1.477022E+3	7.153488E-5
1.477041E+3	6.897360E-5
1.477060E+3	7.207410E-5
1.477079E+3	6.802997E-5
1.477099E+3	7.220890E-5
1.477118E+3	6.668192E-5
1.477137E+3	7.355694E-5
1.477156E+3	6.735595E-5
1.477176E+3	7.288292E-5
1.477195E+3	6.870399E-5
1.477214E+3	7.005203E-5
1.477233E+3	7.140007E-5
1.477253E+3	7.005203E-5
1.477272E+3	7.207410E-5
1.477291E+3	6.978242E-5
1.477310E+3	7.503979E-5
1.477330E+3	7.072605E-5
1.477349E+3	7.598342E-5
1.477368E+3	6.924321E-5
1.477387E+3	7.665744E-5
1.477407E+3	7.099566E-5
1.477426E+3	7.598342E-5
1.477445E+3	6.978242E-5
1.477464E+3	7.477018E-5
1.477484E+3	6.951281E-5
1.477503E+3	7.450057E-5
1.477522E+3	7.261331E-5
1.477541E+3	7.328733E-5
1.477561E+3	7.288292E-5
1.477580E+3	7.301773E-5
1.477599E+3	7.423096E-5
1.477618E+3	6.978242E-5
1.477638E+3	7.503979E-5
1.477657E+3	6.870399E-5
1.477676E+3	7.450057E-5
1.477695E+3	6.883879E-5
1.477715E+3	7.557901E-5
1.477734E+3	7.126527E-5
1.477753E+3	7.382655E-5
1.477772E+3	7.193929E-5
1.477792E+3	7.517459E-5
1.477811E+3	7.288292E-5
1.477830E+3	7.396135E-5
1.477849E+3	7.396135E-5
1.477869E+3	7.369175E-5
1.477888E+3	7.342214E-5
1.477907E+3	7.423096E-5
1.477926E+3	7.503979E-5
1.477946E+3	7.005203E-5
1.477965E+3	7.611822E-5
1.477984E+3	6.937801E-5
1.478003E+3	7.396135E-5
1.478023E+3	7.140007E-5
1.478042E+3	7.342214E-5
1.478061E+3	7.571381E-5
1.478080E+3	7.288292E-5
1.478100E+3	7.436577E-5
1.478119E+3	7.301773E-5
1.478138E+3	7.503979E-5
1.478158E+3	7.301773E-5
1.478177E+3	7.409616E-5
1.478196E+3	7.220890E-5
1.478215E+3	7.530940E-5
1.478235E+3	7.396135E-5
1.478254E+3	7.544420E-5
1.478273E+3	7.099566E-5
1.478292E+3	7.584861E-5
1.478312E+3	6.951281E-5
1.478331E+3	7.692705E-5
1.478350E+3	7.288292E-5
1.478369E+3	7.355694E-5
1.478389E+3	7.503979E-5
1.478408E+3	7.126527E-5
1.478427E+3	7.625303E-5
1.478446E+3	6.964762E-5
1.478466E+3	7.584861E-5
1.478485E+3	7.045644E-5
1.478504E+3	7.477018E-5
1.478523E+3	6.951281E-5
1.478543E+3	7.652264E-5
1.478562E+3	7.180449E-5
1.478581E+3	7.584861E-5
1.478600E+3	6.762555E-5
1.478620E+3	7.517459E-5
1.478639E+3	6.829958E-5
1.478658E+3	7.382655E-5
1.478677E+3	7.018684E-5
1.478697E+3	7.234370E-5
1.478716E+3	7.261331E-5
1.478735E+3	7.072605E-5
1.478754E+3	7.423096E-5
1.478774E+3	6.924321E-5
1.478793E+3	7.463538E-5
1.478812E+3	7.032164E-5
1.478831E+3	7.423096E-5
1.478851E+3	7.045644E-5
1.478870E+3	7.193929E-5
1.478889E+3	7.005203E-5
1.478908E+3	7.315253E-5
1.478928E+3	7.220890E-5
1.478947E+3	7.099566E-5
1.478966E+3	7.086086E-5
1.478985E+3	6.937801E-5
1.479005E+3	7.113047E-5
1.479024E+3	7.140007E-5
1.479043E+3	7.220890E-5
1.479062E+3	7.005203E-5
1.479082E+3	7.274812E-5
1.479101E+3	6.506427E-5
1.479120E+3	7.180449E-5
1.479139E+3	6.776036E-5
1.479159E+3	7.126527E-5
1.479178E+3	6.843438E-5
1.479197E+3	6.883879E-5
1.479216E+3	7.099566E-5
1.479236E+3	6.654712E-5
1.479255E+3	7.315253E-5
1.479274E+3	7.018684E-5
1.479293E+3	7.396135E-5
1.479313E+3	6.816477E-5
1.479332E+3	7.247851E-5
1.479351E+3	6.978242E-5
1.479370E+3	7.193929E-5
1.479390E+3	6.789516E-5
1.479409E+3	7.193929E-5
1.479428E+3	6.587310E-5
1.479447E+3	7.288292E-5
1.479467E+3	6.883879E-5
1.479486E+3	7.369175E-5
1.479505E+3	6.749075E-5
1.479524E+3	6.776036E-5
1.479544E+3	7.193929E-5
1.479563E+3	6.668192E-5
1.479582E+3	7.153488E-5
1.479601E+3	6.573829E-5
1.479621E+3	7.086086E-5
1.479640E+3	6.546869E-5
1.479659E+3	6.883879E-5
1.479678E+3	6.776036E-5
1.479698E+3	7.126527E-5
1.479717E+3	6.924321E-5
1.479736E+3	7.045644E-5
1.479755E+3	6.856918E-5
1.479775E+3	7.193929E-5
1.479794E+3	6.749075E-5
1.479813E+3	7.342214E-5
1.479832E+3	6.776036E-5
1.479852E+3	6.964762E-5
1.479871E+3	6.991723E-5
1.479890E+3	6.587310E-5
1.479909E+3	7.315253E-5
1.479929E+3	6.897360E-5
1.479948E+3	7.274812E-5
1.479967E+3	6.924321E-5
1.479986E+3	6.964762E-5
1.480006E+3	7.059125E-5
1.480025E+3	7.018684E-5
1.480044E+3	7.140007E-5
1.480063E+3	6.883879E-5
1.480083E+3	7.005203E-5
1.480102E+3	6.668192E-5
1.480121E+3	7.086086E-5
1.480140E+3	6.762555E-5
1.480160E+3	7.072605E-5
1.480179E+3	6.573829E-5
1.480198E+3	7.045644E-5
1.480218E+3	6.708634E-5
1.480237E+3	7.450057E-5
1.480256E+3	6.749075E-5
1.480275E+3	7.220890E-5
1.480295E+3	6.843438E-5
1.480314E+3	7.059125E-5
1.480333E+3	7.113047E-5
1.480352E+3	6.870399E-5
1.480372E+3	7.409616E-5
1.480391E+3	6.816477E-5
1.480410E+3	7.355694E-5
1.480429E+3	6.762555E-5
1.480449E+3	7.355694E-5
1.480468E+3	7.140007E-5
1.480487E+3	7.409616E-5
1.480506E+3	6.762555E-5
1.480526E+3	7.247851E-5
1.480545E+3	6.789516E-5
1.480564E+3	7.436577E-5
1.480583E+3	6.883879E-5
1.480603E+3	7.301773E-5
1.480622E+3	6.910840E-5
1.480641E+3	6.802997E-5
1.480660E+3	7.207410E-5
1.480680E+3	6.789516E-5
1.480699E+3	7.409616E-5
1.480718E+3	6.708634E-5
1.480737E+3	7.409616E-5
1.480757E+3	6.789516E-5
1.480776E+3	7.018684E-5
1.480795E+3	7.328733E-5
1.480814E+3	7.072605E-5
1.480834E+3	7.153488E-5
1.480853E+3	6.722114E-5
1.480872E+3	7.328733E-5
1.480891E+3	6.978242E-5
1.480911E+3	7.517459E-5
1.480930E+3	7.274812E-5
1.480949E+3	7.503979E-5
1.480968E+3	7.045644E-5
1.480988E+3	7.382655E-5
1.481007E+3	7.193929E-5
1.481026E+3	7.544420E-5
1.481045E+3	7.166968E-5
1.481065E+3	7.409616E-5
1.481084E+3	7.072605E-5
1.481103E+3	6.897360E-5
1.481122E+3	7.396135E-5
1.481142E+3	6.776036E-5
1.481161E+3	7.450057E-5
1.481180E+3	7.032164E-5
1.481199E+3	7.328733E-5
1.481219E+3	7.153488E-5
1.481238E+3	7.247851E-5
1.481257E+3	7.220890E-5
1.481276E+3	7.342214E-5
1.481296E+3	7.072605E-5
1.481315E+3	7.342214E-5
1.481334E+3	6.829958E-5
1.481353E+3	7.369175E-5
1.481373E+3	7.180449E-5
1.481392E+3	7.423096E-5
1.481411E+3	7.274812E-5
1.481430E+3	6.897360E-5
1.481450E+3	7.544420E-5
1.481469E+3	6.802997E-5
1.481488E+3	7.396135E-5
1.481507E+3	6.951281E-5
1.481527E+3	7.113047E-5
1.481546E+3	6.910840E-5
1.481565E+3	7.005203E-5
1.481584E+3	7.261331E-5
1.481604E+3	6.924321E-5
1.481623E+3	7.288292E-5
1.481642E+3	6.870399E-5
1.481661E+3	7.113047E-5
1.481681E+3	6.708634E-5
1.481700E+3	7.059125E-5
1.481719E+3	7.113047E-5
1.481738E+3	6.951281E-5
1.481758E+3	6.802997E-5
1.481777E+3	7.166968E-5
1.481796E+3	6.776036E-5
1.481815E+3	7.045644E-5
1.481835E+3	6.856918E-5
1.481854E+3	7.207410E-5
1.481873E+3	7.072605E-5
1.481892E+3	7.126527E-5
1.481912E+3	7.463538E-5
1.481931E+3	7.369175E-5
1.481950E+3	7.503979E-5
1.481969E+3	7.086086E-5
1.481989E+3	7.477018E-5
1.482008E+3	7.059125E-5
1.482027E+3	7.342214E-5
1.482046E+3	7.045644E-5
1.482066E+3	7.517459E-5
1.482085E+3	6.991723E-5
1.482104E+3	7.436577E-5
1.482123E+3	7.126527E-5
1.482143E+3	7.342214E-5
1.482162E+3	7.355694E-5
1.482181E+3	7.234370E-5
1.482200E+3	7.288292E-5
1.482220E+3	7.045644E-5
1.482239E+3	7.369175E-5
1.482258E+3	6.924321E-5
1.482278E+3	7.261331E-5
1.482297E+3	6.829958E-5
1.482316E+3	7.126527E-5
1.482335E+3	7.166968E-5
1.482355E+3	7.342214E-5
1.482374E+3	7.396135E-5
1.482393E+3	7.086086E-5
1.482412E+3	7.328733E-5
1.482432E+3	7.086086E-5
1.482451E+3	7.436577E-5
1.482470E+3	7.315253E-5
1.482489E+3	7.369175E-5
1.482509E+3	7.166968E-5
1.482528E+3	7.436577E-5
1.482547E+3	7.396135E-5
1.482566E+3	7.544420E-5
1.482586E+3	7.288292E-5
1.482605E+3	7.665744E-5
1.482624E+3	7.301773E-5
1.482643E+3	7.652264E-5
1.482663E+3	7.288292E-5
1.482682E+3	7.450057E-5
1.482701E+3	7.463538E-5
1.482720E+3	7.099566E-5
1.482740E+3	7.557901E-5
1.482759E+3	6.978242E-5
1.482778E+3	7.544420E-5
1.482797E+3	7.396135E-5
1.482817E+3	7.625303E-5
1.482836E+3	7.382655E-5
1.482855E+3	7.638783E-5
1.482874E+3	7.517459E-5
1.482894E+3	7.530940E-5
1.482913E+3	7.369175E-5
1.482932E+3	7.679224E-5
1.482951E+3	7.396135E-5
1.482971E+3	7.544420E-5
1.482990E+3	7.463538E-5
1.483009E+3	7.355694E-5
1.483028E+3	7.450057E-5
1.483048E+3	7.423096E-5
1.483067E+3	7.517459E-5
1.483086E+3	7.315253E-5
1.483105E+3	7.530940E-5
1.483125E+3	7.544420E-5
1.483144E+3	7.315253E-5
1.483163E+3	7.638783E-5
1.483182E+3	7.490498E-5
1.483202E+3	7.355694E-5
1.483221E+3	7.274812E-5
1.483240E+3	7.396135E-5
1.483259E+3	7.369175E-5
1.483279E+3	7.382655E-5
1.483298E+3	7.220890E-5
1.483317E+3	7.665744E-5
1.483336E+3	7.382655E-5
1.483356E+3	7.598342E-5
1.483375E+3	7.234370E-5
1.483394E+3	7.773587E-5
1.483413E+3	7.625303E-5
1.483433E+3	7.679224E-5
1.483452E+3	7.692705E-5
1.483471E+3	7.530940E-5
1.483490E+3	7.611822E-5
1.483510E+3	7.436577E-5
1.483529E+3	7.665744E-5
1.483548E+3	7.557901E-5
1.483567E+3	7.760107E-5
1.483587E+3	7.598342E-5
1.483606E+3	7.733146E-5
1.483625E+3	7.450057E-5
1.483644E+3	7.733146E-5
1.483664E+3	7.328733E-5
1.483683E+3	7.477018E-5
1.483702E+3	7.355694E-5
1.483721E+3	7.396135E-5
1.483741E+3	7.382655E-5
1.483760E+3	7.274812E-5
1.483779E+3	7.436577E-5
1.483798E+3	7.342214E-5
1.483818E+3	7.530940E-5
1.483837E+3	7.328733E-5
1.483856E+3	7.625303E-5
1.483875E+3	7.382655E-5
1.483895E+3	7.450057E-5
1.483914E+3	7.288292E-5
1.483933E+3	7.490498E-5
1.483952E+3	7.369175E-5
1.483972E+3	7.301773E-5
1.483991E+3	7.396135E-5
1.484010E+3	7.301773E-5
1.484029E+3	7.584861E-5
1.484049E+3	7.261331E-5
1.484068E+3	7.530940E-5
1.484087E+3	7.436577E-5
1.484106E+3	7.490498E-5
1.484126E+3	7.342214E-5
1.484145E+3	7.490498E-5
1.484164E+3	7.477018E-5
1.484183E+3	7.450057E-5
1.484203E+3	7.463538E-5
1.484222E+3	7.369175E-5
1.484241E+3	7.328733E-5
1.484261E+3	7.261331E-5
1.484280E+3	7.530940E-5
1.484299E+3	7.328733E-5
1.484318E+3	7.409616E-5
1.484338E+3	7.315253E-5
1.484357E+3	7.638783E-5
1.484376E+3	7.234370E-5
1.484395E+3	7.463538E-5
1.484415E+3	7.288292E-5
1.484434E+3	7.530940E-5
1.484453E+3	7.342214E-5
1.484472E+3	7.342214E-5
1.484492E+3	7.342214E-5
1.484511E+3	7.234370E-5
1.484530E+3	7.369175E-5
1.484549E+3	7.342214E-5
1.484569E+3	7.477018E-5
1.484588E+3	7.180449E-5
1.484607E+3	7.490498E-5
1.484626E+3	7.153488E-5
1.484646E+3	7.234370E-5
1.484665E+3	7.140007E-5
1.484684E+3	7.140007E-5
1.484703E+3	7.153488E-5
1.484723E+3	7.099566E-5
1.484742E+3	7.247851E-5
1.484761E+3	7.086086E-5
1.484780E+3	7.342214E-5
1.484800E+3	7.261331E-5
1.484819E+3	7.288292E-5
1.484838E+3	7.180449E-5
1.484857E+3	7.423096E-5
1.484877E+3	7.342214E-5
1.484896E+3	7.382655E-5
1.484915E+3	7.261331E-5
1.484934E+3	7.490498E-5
1.484954E+3	7.409616E-5
1.484973E+3	7.396135E-5
1.484992E+3	7.503979E-5
1.485011E+3	7.477018E-5
1.485031E+3	7.611822E-5
1.485050E+3	7.517459E-5
1.485069E+3	7.854470E-5
1.485088E+3	7.665744E-5
1.485108E+3	8.002755E-5
1.485127E+3	7.625303E-5
1.485146E+3	7.760107E-5
1.485165E+3	7.423096E-5
1.485185E+3	7.584861E-5
1.485204E+3	7.557901E-5
1.485223E+3	7.625303E-5
1.485242E+3	7.598342E-5
1.485262E+3	7.423096E-5
1.485281E+3	7.584861E-5
1.485300E+3	7.166968E-5
1.485319E+3	7.787068E-5
1.485339E+3	7.503979E-5
1.485358E+3	7.800548E-5
1.485377E+3	7.234370E-5
1.485396E+3	7.544420E-5
1.485416E+3	7.423096E-5
1.485435E+3	7.477018E-5
1.485454E+3	7.423096E-5
1.485473E+3	7.409616E-5
1.485493E+3	7.611822E-5
1.485512E+3	7.584861E-5
1.485531E+3	7.625303E-5
1.485550E+3	7.557901E-5
1.485570E+3	7.638783E-5
1.485589E+3	7.328733E-5
1.485608E+3	7.665744E-5
1.485627E+3	7.382655E-5
1.485647E+3	7.584861E-5
1.485666E+3	7.450057E-5
1.485685E+3	7.477018E-5
1.485704E+3	7.490498E-5
1.485724E+3	7.517459E-5
1.485743E+3	7.477018E-5
1.485762E+3	7.369175E-5
1.485781E+3	7.544420E-5
1.485801E+3	7.423096E-5
1.485820E+3	7.719666E-5
1.485839E+3	7.113047E-5
1.485858E+3	7.719666E-5
1.485878E+3	7.261331E-5
1.485897E+3	7.611822E-5
1.485916E+3	7.207410E-5
1.485935E+3	7.625303E-5
1.485955E+3	7.409616E-5
1.485974E+3	7.544420E-5
1.485993E+3	7.598342E-5
1.486012E+3	7.436577E-5
1.486032E+3	7.706185E-5
1.486051E+3	7.301773E-5
1.486070E+3	7.800548E-5
1.486089E+3	7.423096E-5
1.486109E+3	7.652264E-5
1.486128E+3	7.369175E-5
1.486147E+3	7.584861E-5
1.486166E+3	7.274812E-5
1.486186E+3	7.382655E-5
1.486205E+3	7.328733E-5
1.486224E+3	7.126527E-5
1.486243E+3	7.409616E-5
1.486263E+3	7.180449E-5
1.486282E+3	7.396135E-5
1.486301E+3	7.018684E-5
1.486321E+3	7.409616E-5
1.486340E+3	7.086086E-5
1.486359E+3	7.450057E-5
1.486378E+3	6.802997E-5
1.486398E+3	7.355694E-5
1.486417E+3	7.005203E-5
1.486436E+3	7.234370E-5
1.486455E+3	7.153488E-5
1.486475E+3	7.180449E-5
1.486494E+3	7.369175E-5
1.486513E+3	6.910840E-5
1.486532E+3	7.571381E-5
1.486552E+3	6.964762E-5
1.486571E+3	7.557901E-5
1.486590E+3	7.153488E-5
1.486609E+3	7.450057E-5
1.486629E+3	6.991723E-5
1.486648E+3	7.301773E-5
1.486667E+3	7.140007E-5
1.486686E+3	7.126527E-5
1.486706E+3	7.315253E-5
1.486725E+3	7.086086E-5
1.486744E+3	7.180449E-5
1.486763E+3	6.978242E-5
1.486783E+3	7.234370E-5
1.486802E+3	6.749075E-5
1.486821E+3	7.234370E-5
1.486840E+3	7.059125E-5
1.486860E+3	6.991723E-5
1.486879E+3	6.856918E-5
1.486898E+3	6.816477E-5
1.486917E+3	6.991723E-5
1.486937E+3	6.668192E-5
1.486956E+3	7.072605E-5
1.486975E+3	6.573829E-5
1.486994E+3	7.180449E-5
1.487014E+3	6.708634E-5
1.487033E+3	7.126527E-5
1.487052E+3	6.681673E-5
1.487071E+3	7.099566E-5
1.487091E+3	6.600790E-5
1.487110E+3	7.126527E-5
1.487129E+3	6.641232E-5
1.487148E+3	6.829958E-5
1.487168E+3	6.937801E-5
1.487187E+3	6.546869E-5
1.487206E+3	7.099566E-5
1.487225E+3	6.465986E-5
1.487245E+3	7.045644E-5
1.487264E+3	6.587310E-5
1.487283E+3	6.802997E-5
1.487302E+3	6.614271E-5
1.487322E+3	6.722114E-5
1.487341E+3	6.829958E-5
1.487360E+3	6.371623E-5
1.487379E+3	7.032164E-5
1.487399E+3	6.533388E-5
1.487418E+3	6.991723E-5
1.487437E+3	6.519908E-5
1.487456E+3	6.991723E-5
1.487476E+3	6.546869E-5
1.487495E+3	6.991723E-5
1.487514E+3	6.587310E-5
1.487533E+3	7.396135E-5
1.487553E+3	6.910840E-5
1.487572E+3	7.032164E-5
1.487591E+3	7.072605E-5
1.487610E+3	6.802997E-5
1.487630E+3	7.382655E-5
1.487649E+3	6.937801E-5
1.487668E+3	7.396135E-5
1.487687E+3	6.587310E-5
1.487707E+3	7.180449E-5
1.487726E+3	6.964762E-5
1.487745E+3	7.180449E-5
1.487764E+3	7.099566E-5
1.487784E+3	7.328733E-5
1.487803E+3	6.978242E-5
1.487822E+3	7.072605E-5
1.487841E+3	7.166968E-5
1.487861E+3	7.328733E-5
1.487880E+3	7.166968E-5
1.487899E+3	6.802997E-5
1.487918E+3	7.382655E-5
1.487938E+3	6.708634E-5
1.487957E+3	7.490498E-5
1.487976E+3	7.072605E-5
1.487995E+3	7.288292E-5
1.488015E+3	7.247851E-5
1.488034E+3	6.776036E-5
1.488053E+3	7.503979E-5
1.488072E+3	6.964762E-5
1.488092E+3	7.611822E-5
1.488111E+3	6.762555E-5
1.488130E+3	7.342214E-5
1.488149E+3	6.479466E-5
1.488169E+3	7.207410E-5
1.488188E+3	6.883879E-5
1.488207E+3	7.409616E-5
1.488226E+3	6.749075E-5
1.488246E+3	7.126527E-5
1.488265E+3	6.587310E-5
1.488284E+3	6.856918E-5
1.488303E+3	6.749075E-5
1.488323E+3	6.614271E-5
1.488342E+3	6.829958E-5
1.488361E+3	6.102014E-5
1.488381E+3	6.722114E-5
1.488400E+3	6.263780E-5
1.488419E+3	6.425545E-5
1.488438E+3	6.344662E-5
1.488458E+3	6.236819E-5
1.488477E+3	6.479466E-5
1.488496E+3	5.832406E-5
1.488515E+3	6.371623E-5
1.488535E+3	5.940249E-5
1.488554E+3	6.344662E-5
1.488573E+3	5.751523E-5
1.488592E+3	6.088534E-5
1.488612E+3	5.293189E-5
1.488631E+3	5.899808E-5
1.488650E+3	5.427993E-5
1.488669E+3	5.791965E-5
1.488689E+3	5.414513E-5
1.488708E+3	5.414513E-5
1.488727E+3	5.481915E-5
1.488746E+3	5.090982E-5
1.488766E+3	5.535837E-5
1.488785E+3	5.117943E-5
1.488804E+3	5.401032E-5
1.488823E+3	5.037061E-5
1.488843E+3	5.064022E-5
1.488862E+3	5.104463E-5
1.488881E+3	4.848335E-5
1.488900E+3	5.131424E-5
1.488920E+3	4.956178E-5
1.488939E+3	4.942698E-5
1.488958E+3	4.713530E-5
1.488977E+3	5.090982E-5
1.488997E+3	4.942698E-5
1.489016E+3	5.050541E-5
1.489035E+3	4.767452E-5
1.489054E+3	5.064022E-5
1.489074E+3	4.673089E-5
1.489093E+3	4.996619E-5
1.489112E+3	4.956178E-5
1.489131E+3	5.010100E-5
1.489151E+3	5.077502E-5
1.489170E+3	4.861815E-5
1.489189E+3	5.050541E-5
1.489208E+3	4.983139E-5
1.489228E+3	4.996619E-5
1.489247E+3	5.104463E-5
1.489266E+3	5.131424E-5
1.489285E+3	5.077502E-5
1.489305E+3	5.010100E-5
1.489324E+3	5.347111E-5
1.489343E+3	5.117943E-5
1.489362E+3	5.293189E-5
1.489382E+3	5.090982E-5
1.489401E+3	5.239267E-5
1.489420E+3	5.010100E-5
1.489439E+3	5.616719E-5
1.489459E+3	5.306669E-5
1.489478E+3	5.791965E-5
1.489497E+3	5.454954E-5
1.489516E+3	5.643680E-5
1.489536E+3	5.751523E-5
1.489555E+3	5.427993E-5
1.489574E+3	6.034612E-5
1.489593E+3	5.657160E-5
1.489613E+3	6.007651E-5
1.489632E+3	5.724562E-5
1.489651E+3	5.818925E-5
1.489670E+3	6.007651E-5
1.489690E+3	6.061573E-5
1.489709E+3	6.317701E-5
1.489728E+3	6.277260E-5
1.489747E+3	6.290740E-5
1.489767E+3	6.304221E-5
1.489786E+3	6.385103E-5
1.489805E+3	6.412064E-5
1.489824E+3	6.465986E-5
1.489844E+3	6.263780E-5
1.489863E+3	6.641232E-5
1.489882E+3	6.142456E-5
1.489901E+3	6.600790E-5
1.489921E+3	6.452506E-5
1.489940E+3	6.654712E-5
1.489959E+3	6.897360E-5
1.489978E+3	6.465986E-5
1.489998E+3	7.045644E-5
1.490017E+3	6.614271E-5
1.490036E+3	6.937801E-5
1.490055E+3	6.816477E-5
1.490075E+3	6.964762E-5
1.490094E+3	6.614271E-5
1.490113E+3	6.883879E-5
1.490132E+3	6.802997E-5
1.490152E+3	7.288292E-5
1.490171E+3	6.749075E-5
1.490190E+3	7.261331E-5
1.490209E+3	7.072605E-5
1.490229E+3	6.829958E-5
1.490248E+3	7.409616E-5
1.490267E+3	6.924321E-5
1.490286E+3	7.503979E-5
1.490306E+3	6.829958E-5
1.490325E+3	6.991723E-5
1.490344E+3	7.059125E-5
1.490363E+3	6.897360E-5
1.490383E+3	7.423096E-5
1.490402E+3	6.910840E-5
1.490421E+3	7.342214E-5
1.490441E+3	6.735595E-5
1.490460E+3	7.140007E-5
1.490479E+3	6.924321E-5
1.490498E+3	7.274812E-5
1.490518E+3	6.802997E-5
1.490537E+3	7.072605E-5
1.490556E+3	6.546869E-5
1.490575E+3	7.126527E-5
1.490595E+3	6.937801E-5
1.490614E+3	7.086086E-5
1.490633E+3	7.032164E-5
1.490652E+3	6.641232E-5
1.490672E+3	7.166968E-5
1.490691E+3	6.627751E-5
1.490710E+3	7.126527E-5
1.490729E+3	7.072605E-5
1.490749E+3	6.951281E-5
1.490768E+3	7.180449E-5
1.490787E+3	6.681673E-5
1.490806E+3	7.072605E-5
1.490826E+3	6.897360E-5
1.490845E+3	7.234370E-5
1.490864E+3	6.681673E-5
1.490883E+3	7.018684E-5
1.490903E+3	6.439025E-5
1.490922E+3	7.045644E-5
1.490941E+3	6.533388E-5
1.490960E+3	7.032164E-5
1.490980E+3	6.560349E-5
1.490999E+3	6.883879E-5
1.491018E+3	6.560349E-5
1.491037E+3	6.614271E-5
1.491057E+3	6.762555E-5
1.491076E+3	6.371623E-5
1.491095E+3	6.856918E-5
1.491114E+3	6.358143E-5
1.491134E+3	6.654712E-5
1.491153E+3	6.560349E-5
1.491172E+3	6.452506E-5
1.491191E+3	6.924321E-5
1.491211E+3	6.695153E-5
1.491230E+3	7.086086E-5
1.491249E+3	6.452506E-5
1.491268E+3	7.045644E-5
1.491288E+3	6.452506E-5
1.491307E+3	7.086086E-5
1.491326E+3	6.492947E-5
1.491345E+3	6.816477E-5
1.491365E+3	6.573829E-5
1.491384E+3	6.870399E-5
1.491403E+3	6.695153E-5
1.491422E+3	6.951281E-5
1.491442E+3	6.991723E-5
1.491461E+3	6.668192E-5
1.491480E+3	7.032164E-5
1.491499E+3	6.654712E-5
1.491519E+3	7.072605E-5
1.491538E+3	6.883879E-5
1.491557E+3	6.924321E-5
1.491576E+3	6.978242E-5
1.491596E+3	6.425545E-5
1.491615E+3	7.005203E-5
1.491634E+3	6.829958E-5
1.491653E+3	7.180449E-5
1.491673E+3	6.735595E-5
1.491692E+3	6.978242E-5
1.491711E+3	6.816477E-5
1.491730E+3	7.113047E-5
1.491750E+3	6.843438E-5
1.491769E+3	7.315253E-5
1.491788E+3	6.749075E-5
1.491807E+3	7.072605E-5
1.491827E+3	6.654712E-5
1.491846E+3	6.870399E-5
1.491865E+3	7.086086E-5
1.491884E+3	6.762555E-5
1.491904E+3	7.180449E-5
1.491923E+3	6.533388E-5
1.491942E+3	6.991723E-5
1.491961E+3	6.910840E-5
1.491981E+3	6.951281E-5
1.492000E+3	6.951281E-5
1.492019E+3	6.856918E-5
1.492038E+3	6.843438E-5
1.492058E+3	5.751523E-5
1.492077E+3	6.735595E-5
1.492096E+3	6.856918E-5
1.492115E+3	6.627751E-5
1.492135E+3	6.843438E-5
1.492154E+3	6.681673E-5
1.492173E+3	6.749075E-5
1.492192E+3	6.829958E-5
1.492212E+3	6.600790E-5
1.492231E+3	7.045644E-5
1.492250E+3	6.870399E-5
1.492269E+3	6.910840E-5
1.492289E+3	6.802997E-5
1.492308E+3	6.735595E-5
1.492327E+3	6.883879E-5
1.492346E+3	6.749075E-5
1.492366E+3	7.072605E-5
1.492385E+3	6.789516E-5
1.492404E+3	6.897360E-5
1.492423E+3	6.708634E-5
1.492443E+3	6.910840E-5
1.492462E+3	6.614271E-5
1.492481E+3	6.978242E-5
1.492501E+3	6.614271E-5
1.492520E+3	6.937801E-5
1.492539E+3	6.465986E-5
1.492558E+3	6.533388E-5
1.492578E+3	6.600790E-5
1.492597E+3	6.587310E-5
1.492616E+3	6.735595E-5
1.492635E+3	6.290740E-5
1.492655E+3	6.627751E-5
1.492674E+3	6.304221E-5
1.492693E+3	6.465986E-5
1.492712E+3	6.465986E-5
1.492732E+3	6.479466E-5
1.492751E+3	6.641232E-5
1.492770E+3	6.290740E-5
1.492789E+3	6.627751E-5
1.492809E+3	6.425545E-5
1.492828E+3	6.506427E-5
1.492847E+3	6.223338E-5
1.492866E+3	6.492947E-5
1.492886E+3	6.182897E-5
1.492905E+3	6.385103E-5
1.492924E+3	6.412064E-5
1.492943E+3	6.465986E-5
1.492963E+3	6.452506E-5
1.492982E+3	6.371623E-5
1.493001E+3	6.627751E-5
1.493020E+3	6.304221E-5
1.493040E+3	6.465986E-5
1.493059E+3	6.371623E-5
1.493078E+3	6.385103E-5
1.493097E+3	6.236819E-5
1.493117E+3	6.290740E-5
1.493136E+3	6.385103E-5
1.493155E+3	6.155936E-5
1.493174E+3	6.439025E-5
1.493194E+3	6.263780E-5
1.493213E+3	6.506427E-5
1.493232E+3	6.317701E-5
1.493251E+3	6.546869E-5
1.493271E+3	6.344662E-5
1.493290E+3	6.452506E-5
1.493309E+3	6.412064E-5
1.493328E+3	6.439025E-5
1.493348E+3	6.425545E-5
1.493367E+3	6.331182E-5
1.493386E+3	6.439025E-5
1.493405E+3	6.344662E-5
1.493425E+3	6.654712E-5
1.493444E+3	6.600790E-5
1.493463E+3	6.573829E-5
1.493482E+3	6.668192E-5
1.493502E+3	6.492947E-5
1.493521E+3	6.668192E-5
1.493540E+3	6.533388E-5
1.493559E+3	6.695153E-5
1.493579E+3	6.560349E-5
1.493598E+3	6.708634E-5
1.493617E+3	6.587310E-5
1.493636E+3	6.802997E-5
1.493656E+3	6.789516E-5
1.493675E+3	7.018684E-5
1.493694E+3	6.762555E-5
1.493713E+3	6.816477E-5
1.493733E+3	6.897360E-5
1.493752E+3	6.937801E-5
1.493771E+3	7.207410E-5
1.493790E+3	6.883879E-5
1.493810E+3	7.207410E-5
1.493829E+3	6.883879E-5
1.493848E+3	7.153488E-5
1.493867E+3	7.180449E-5
1.493887E+3	7.086086E-5
1.493906E+3	7.288292E-5
1.493925E+3	7.234370E-5
1.493944E+3	7.396135E-5
1.493964E+3	7.288292E-5
1.493983E+3	7.557901E-5
1.494002E+3	7.315253E-5
1.494021E+3	7.477018E-5
1.494041E+3	7.207410E-5
1.494060E+3	7.369175E-5
1.494079E+3	7.261331E-5
1.494098E+3	7.220890E-5
1.494118E+3	7.369175E-5
1.494137E+3	7.274812E-5
1.494156E+3	7.423096E-5
1.494175E+3	7.099566E-5
1.494195E+3	7.584861E-5
1.494214E+3	7.450057E-5
1.494233E+3	7.679224E-5
1.494252E+3	7.517459E-5
1.494272E+3	7.503979E-5
1.494291E+3	7.611822E-5
1.494310E+3	7.423096E-5
1.494329E+3	7.544420E-5
1.494349E+3	7.423096E-5
1.494368E+3	7.773587E-5
1.494387E+3	7.436577E-5
1.494406E+3	7.692705E-5
1.494426E+3	7.584861E-5
1.494445E+3	7.773587E-5
1.494464E+3	7.571381E-5
1.494484E+3	7.814029E-5
1.494503E+3	7.787068E-5
1.494522E+3	7.530940E-5
1.494541E+3	7.760107E-5
1.494561E+3	7.490498E-5
1.494580E+3	7.800548E-5
1.494599E+3	7.692705E-5
1.494618E+3	7.706185E-5
1.494638E+3	7.463538E-5
1.494657E+3	7.692705E-5
1.494676E+3	7.625303E-5
1.494695E+3	7.665744E-5
1.494715E+3	7.692705E-5
1.494734E+3	7.719666E-5
1.494753E+3	7.746627E-5
1.494772E+3	7.369175E-5
1.494792E+3	7.827509E-5
1.494811E+3	7.436577E-5
1.494830E+3	7.787068E-5
1.494849E+3	7.571381E-5
1.494869E+3	7.638783E-5
1.494888E+3	7.733146E-5
1.494907E+3	7.652264E-5
1.494926E+3	7.948833E-5
1.494946E+3	7.706185E-5
1.494965E+3	7.827509E-5
1.494984E+3	7.733146E-5
1.495003E+3	7.921872E-5
1.495023E+3	7.800548E-5
1.495042E+3	7.800548E-5
1.495061E+3	7.773587E-5
1.495080E+3	7.503979E-5
1.495100E+3	7.665744E-5
1.495119E+3	7.490498E-5
1.495138E+3	7.800548E-5
1.495157E+3	7.503979E-5
1.495177E+3	7.557901E-5
1.495196E+3	7.477018E-5
1.495215E+3	7.665744E-5
1.495234E+3	7.557901E-5
1.495254E+3	7.652264E-5
1.495273E+3	7.706185E-5
1.495292E+3	7.450057E-5
1.495311E+3	7.396135E-5
1.495331E+3	7.396135E-5
1.495350E+3	7.450057E-5
1.495369E+3	7.490498E-5
1.495388E+3	7.503979E-5
1.495408E+3	7.423096E-5
1.495427E+3	7.611822E-5
1.495446E+3	7.301773E-5
1.495465E+3	7.450057E-5
1.495485E+3	7.733146E-5
1.495504E+3	7.652264E-5
1.495523E+3	7.679224E-5
1.495542E+3	7.679224E-5
1.495562E+3	7.611822E-5
1.495581E+3	7.342214E-5
1.495600E+3	7.652264E-5
1.495619E+3	7.611822E-5
1.495639E+3	7.598342E-5
1.495658E+3	7.450057E-5
1.495677E+3	7.719666E-5
1.495696E+3	7.638783E-5
1.495716E+3	7.503979E-5
1.495735E+3	7.746627E-5
1.495754E+3	7.517459E-5
1.495773E+3	7.665744E-5
1.495793E+3	7.355694E-5
1.495812E+3	7.557901E-5
1.495831E+3	7.503979E-5
1.495850E+3	7.557901E-5
1.495870E+3	7.477018E-5
1.495889E+3	7.611822E-5
1.495908E+3	7.665744E-5
1.495927E+3	7.490498E-5
1.495947E+3	7.733146E-5
1.495966E+3	7.692705E-5
1.495985E+3	7.800548E-5
1.496004E+3	7.679224E-5
1.496024E+3	7.800548E-5
1.496043E+3	7.652264E-5
1.496062E+3	7.584861E-5
1.496081E+3	7.638783E-5
1.496101E+3	7.611822E-5
1.496120E+3	7.773587E-5
1.496139E+3	7.584861E-5
1.496158E+3	7.638783E-5
1.496178E+3	7.611822E-5
1.496197E+3	7.760107E-5
1.496216E+3	7.679224E-5
1.496235E+3	7.760107E-5
1.496255E+3	7.557901E-5
1.496274E+3	7.652264E-5
1.496293E+3	7.450057E-5
1.496312E+3	7.598342E-5
1.496332E+3	7.463538E-5
1.496351E+3	7.557901E-5
1.496370E+3	7.571381E-5
1.496389E+3	7.503979E-5
1.496409E+3	7.760107E-5
1.496428E+3	7.733146E-5
1.496447E+3	7.827509E-5
1.496466E+3	7.652264E-5
1.496486E+3	7.719666E-5
1.496505E+3	7.760107E-5
1.496524E+3	7.800548E-5
1.496544E+3	7.827509E-5
1.496563E+3	7.665744E-5
1.496582E+3	7.800548E-5
1.496601E+3	7.625303E-5
1.496621E+3	7.921872E-5
1.496640E+3	7.854470E-5
1.496659E+3	7.908392E-5
1.496678E+3	7.881431E-5
1.496698E+3	8.043196E-5
1.496717E+3	7.908392E-5
1.496736E+3	7.733146E-5
1.496755E+3	8.110598E-5
1.496775E+3	7.773587E-5
1.496794E+3	7.962313E-5
1.496813E+3	7.935353E-5
1.496832E+3	7.935353E-5
1.496852E+3	7.935353E-5
1.496871E+3	7.773587E-5
1.496890E+3	7.935353E-5
1.496909E+3	7.840990E-5
1.496929E+3	8.029716E-5
1.496948E+3	7.814029E-5
1.496967E+3	8.043196E-5
1.496986E+3	7.827509E-5
1.497006E+3	7.935353E-5
1.497025E+3	7.962313E-5
1.497044E+3	7.935353E-5
1.497063E+3	7.733146E-5
1.497083E+3	7.706185E-5
1.497102E+3	7.773587E-5
1.497121E+3	7.881431E-5
1.497140E+3	7.989274E-5
1.497160E+3	7.908392E-5
1.497179E+3	7.908392E-5
1.497198E+3	7.814029E-5
1.497217E+3	7.773587E-5
1.497237E+3	7.975794E-5
1.497256E+3	7.935353E-5
1.497275E+3	7.800548E-5
1.497294E+3	7.665744E-5
1.497314E+3	7.760107E-5
1.497333E+3	7.625303E-5
1.497352E+3	7.854470E-5
1.497371E+3	7.746627E-5
1.497391E+3	7.840990E-5
1.497410E+3	7.598342E-5
1.497429E+3	7.719666E-5
1.497448E+3	7.881431E-5
1.497468E+3	7.935353E-5
1.497487E+3	7.881431E-5
1.497506E+3	7.773587E-5
1.497525E+3	7.787068E-5
1.497545E+3	7.692705E-5
1.497564E+3	7.908392E-5
1.497583E+3	7.692705E-5
1.497602E+3	7.867950E-5
1.497622E+3	7.773587E-5
1.497641E+3	7.665744E-5
1.497660E+3	7.935353E-5
1.497679E+3	7.665744E-5
1.497699E+3	7.881431E-5
1.497718E+3	7.773587E-5
1.497737E+3	8.097118E-5
1.497756E+3	7.652264E-5
1.497776E+3	7.881431E-5
1.497795E+3	7.773587E-5
1.497814E+3	7.827509E-5
1.497833E+3	7.827509E-5
1.497853E+3	7.625303E-5
1.497872E+3	7.814029E-5
1.497891E+3	7.652264E-5
1.497910E+3	7.894911E-5
1.497930E+3	7.638783E-5
1.497949E+3	7.867950E-5
1.497968E+3	7.719666E-5
1.497987E+3	7.733146E-5
1.498007E+3	7.989274E-5
1.498026E+3	7.436577E-5
1.498045E+3	7.881431E-5
1.498064E+3	7.584861E-5
1.498084E+3	7.733146E-5
1.498103E+3	7.760107E-5
1.498122E+3	7.760107E-5
1.498141E+3	7.814029E-5
1.498161E+3	7.827509E-5
1.498180E+3	7.840990E-5
1.498199E+3	7.760107E-5
1.498218E+3	7.840990E-5
1.498238E+3	7.760107E-5
1.498257E+3	7.867950E-5
1.498276E+3	7.854470E-5
1.498295E+3	7.814029E-5
1.498315E+3	7.544420E-5
1.498334E+3	7.598342E-5
1.498353E+3	7.584861E-5
1.498372E+3	7.490498E-5
1.498392E+3	7.854470E-5
1.498411E+3	7.773587E-5
1.498430E+3	7.881431E-5
1.498449E+3	7.625303E-5
1.498469E+3	7.571381E-5
1.498488E+3	7.840990E-5
1.498507E+3	7.773587E-5
1.498526E+3	7.773587E-5
1.498546E+3	7.800548E-5
1.498565E+3	7.611822E-5
1.498584E+3	7.382655E-5
1.498604E+3	7.665744E-5
1.498623E+3	7.598342E-5
1.498642E+3	7.706185E-5
1.498661E+3	7.207410E-5
1.498681E+3	7.894911E-5
1.498700E+3	7.477018E-5
1.498719E+3	7.544420E-5
1.498738E+3	7.760107E-5
1.498758E+3	7.490498E-5
1.498777E+3	7.787068E-5
1.498796E+3	7.180449E-5
1.498815E+3	7.571381E-5
1.498835E+3	7.355694E-5
1.498854E+3	7.517459E-5
1.498873E+3	7.584861E-5
1.498892E+3	7.557901E-5
1.498912E+3	7.557901E-5
1.498931E+3	7.409616E-5
1.498950E+3	7.787068E-5
1.498969E+3	7.328733E-5
1.498989E+3	7.840990E-5
1.499008E+3	7.544420E-5
1.499027E+3	7.840990E-5
1.499046E+3	7.342214E-5
1.499066E+3	7.787068E-5
1.499085E+3	7.584861E-5
1.499104E+3	7.557901E-5
1.499123E+3	7.827509E-5
1.499143E+3	7.530940E-5
1.499162E+3	7.867950E-5
1.499181E+3	7.692705E-5
1.499200E+3	7.598342E-5
1.499220E+3	7.840990E-5
1.499239E+3	7.611822E-5
1.499258E+3	7.921872E-5
1.499277E+3	7.490498E-5
1.499297E+3	7.867950E-5
1.499316E+3	7.369175E-5
1.499335E+3	7.584861E-5
1.499354E+3	7.288292E-5
1.499374E+3	7.652264E-5
1.499393E+3	7.113047E-5
1.499412E+3	7.760107E-5
1.499431E+3	7.436577E-5
1.499451E+3	7.584861E-5
1.499470E+3	7.611822E-5
1.499489E+3	7.369175E-5
1.499508E+3	7.665744E-5
1.499528E+3	7.342214E-5
1.499547E+3	7.477018E-5
1.499566E+3	7.234370E-5
1.499585E+3	7.369175E-5
1.499605E+3	7.382655E-5
1.499624E+3	7.086086E-5
1.499643E+3	7.503979E-5
1.499662E+3	7.247851E-5
1.499682E+3	7.638783E-5
1.499701E+3	7.247851E-5
1.499720E+3	7.611822E-5
1.499739E+3	6.991723E-5
1.499759E+3	7.436577E-5
1.499778E+3	7.261331E-5
1.499797E+3	7.503979E-5
1.499816E+3	7.193929E-5
1.499836E+3	7.342214E-5
1.499855E+3	7.288292E-5
1.499874E+3	7.261331E-5
1.499893E+3	7.557901E-5
1.499913E+3	7.409616E-5
1.499932E+3	7.679224E-5
1.499951E+3	7.315253E-5
1.499970E+3	7.409616E-5
1.499990E+3	7.625303E-5
1.500009E+3	7.207410E-5
1.500028E+3	7.665744E-5
1.500047E+3	7.328733E-5
1.500067E+3	7.584861E-5
1.500086E+3	7.247851E-5
1.500105E+3	7.517459E-5
1.500124E+3	7.423096E-5
1.500144E+3	7.665744E-5
1.500163E+3	7.274812E-5
1.500182E+3	7.584861E-5
1.500201E+3	7.450057E-5
1.500221E+3	7.382655E-5
1.500240E+3	7.477018E-5
1.500259E+3	7.193929E-5
1.500278E+3	7.611822E-5
1.500298E+3	7.180449E-5
1.500317E+3	7.342214E-5
1.500336E+3	7.301773E-5
1.500355E+3	6.951281E-5
1.500375E+3	7.450057E-5
1.500394E+3	7.045644E-5
1.500413E+3	7.423096E-5
1.500432E+3	7.409616E-5
1.500452E+3	7.463538E-5
1.500471E+3	7.369175E-5
1.500490E+3	7.180449E-5
1.500509E+3	7.517459E-5
1.500529E+3	7.315253E-5
1.500548E+3	7.288292E-5
1.500567E+3	7.274812E-5
1.500586E+3	7.261331E-5
1.500606E+3	7.032164E-5
1.500625E+3	7.450057E-5
1.500644E+3	7.086086E-5
1.500664E+3	7.450057E-5
1.500683E+3	7.369175E-5
1.500702E+3	7.301773E-5
1.500721E+3	7.584861E-5
1.500741E+3	7.247851E-5
1.500760E+3	7.598342E-5
1.500779E+3	7.382655E-5
1.500798E+3	7.423096E-5
1.500818E+3	7.355694E-5
1.500837E+3	7.166968E-5
1.500856E+3	7.503979E-5
1.500875E+3	7.180449E-5
1.500895E+3	7.544420E-5
1.500914E+3	7.598342E-5
1.500933E+3	7.530940E-5
1.500952E+3	7.342214E-5
1.500972E+3	7.746627E-5
1.500991E+3	7.423096E-5
1.501010E+3	7.719666E-5
1.501029E+3	7.355694E-5
1.501049E+3	7.557901E-5
1.501068E+3	7.503979E-5
1.501087E+3	7.369175E-5
1.501106E+3	7.611822E-5
1.501126E+3	7.261331E-5
1.501145E+3	7.598342E-5
1.501164E+3	7.409616E-5
1.501183E+3	7.409616E-5
1.501203E+3	7.517459E-5
1.501222E+3	7.315253E-5
1.501241E+3	7.557901E-5
1.501260E+3	7.369175E-5
1.501280E+3	7.571381E-5
1.501299E+3	6.991723E-5
1.501318E+3	7.463538E-5
1.501337E+3	7.234370E-5
1.501357E+3	7.557901E-5
1.501376E+3	7.126527E-5
1.501395E+3	7.517459E-5
1.501414E+3	7.301773E-5
1.501434E+3	7.315253E-5
1.501453E+3	7.692705E-5
1.501472E+3	7.369175E-5
1.501491E+3	7.719666E-5
1.501511E+3	7.288292E-5
1.501530E+3	7.517459E-5
1.501549E+3	7.611822E-5
1.501568E+3	7.423096E-5
1.501588E+3	7.773587E-5
1.501607E+3	7.477018E-5
1.501626E+3	7.706185E-5
1.501645E+3	7.220890E-5
1.501665E+3	7.733146E-5
1.501684E+3	7.692705E-5
1.501703E+3	7.827509E-5
1.501722E+3	7.584861E-5
1.501742E+3	7.679224E-5
1.501761E+3	7.679224E-5
1.501780E+3	7.544420E-5
1.501799E+3	7.867950E-5
1.501819E+3	7.598342E-5
1.501838E+3	7.746627E-5
1.501857E+3	7.477018E-5
1.501876E+3	7.611822E-5
1.501896E+3	7.773587E-5
1.501915E+3	7.544420E-5
1.501934E+3	7.894911E-5
1.501953E+3	7.517459E-5
1.501973E+3	7.867950E-5
1.501992E+3	7.625303E-5
1.502011E+3	7.719666E-5
1.502030E+3	7.733146E-5
1.502050E+3	7.773587E-5
1.502069E+3	7.611822E-5
1.502088E+3	7.733146E-5
1.502107E+3	7.665744E-5
1.502127E+3	7.477018E-5
1.502146E+3	7.706185E-5
1.502165E+3	7.652264E-5
1.502184E+3	7.827509E-5
1.502204E+3	7.409616E-5
1.502223E+3	7.665744E-5
1.502242E+3	7.719666E-5
1.502261E+3	7.571381E-5
1.502281E+3	7.665744E-5
1.502300E+3	7.557901E-5
1.502319E+3	7.665744E-5
1.502338E+3	7.557901E-5
1.502358E+3	7.557901E-5
1.502377E+3	7.503979E-5
1.502396E+3	7.584861E-5
1.502415E+3	7.733146E-5
1.502435E+3	7.584861E-5
1.502454E+3	7.746627E-5
1.502473E+3	7.611822E-5
1.502492E+3	7.840990E-5
1.502512E+3	7.652264E-5
1.502531E+3	7.881431E-5
1.502550E+3	7.477018E-5
1.502569E+3	7.773587E-5
1.502589E+3	7.665744E-5
1.502608E+3	7.598342E-5
1.502627E+3	7.921872E-5
1.502646E+3	7.706185E-5
1.502666E+3	7.827509E-5
1.502685E+3	7.733146E-5
1.502704E+3	7.881431E-5
1.502724E+3	7.746627E-5
1.502743E+3	7.840990E-5
1.502762E+3	7.827509E-5
1.502781E+3	7.638783E-5
1.502801E+3	7.719666E-5
1.502820E+3	7.584861E-5
1.502839E+3	7.827509E-5
1.502858E+3	7.450057E-5
1.502878E+3	7.787068E-5
1.502897E+3	7.342214E-5
1.502916E+3	7.706185E-5
1.502935E+3	7.638783E-5
1.502955E+3	7.679224E-5
1.502974E+3	7.948833E-5
1.502993E+3	7.692705E-5
1.503012E+3	7.894911E-5
1.503032E+3	7.638783E-5
1.503051E+3	7.881431E-5
1.503070E+3	7.760107E-5
1.503089E+3	7.773587E-5
1.503109E+3	7.746627E-5
1.503128E+3	7.571381E-5
1.503147E+3	7.962313E-5
1.503166E+3	7.584861E-5
1.503186E+3	7.989274E-5
1.503205E+3	7.733146E-5
1.503224E+3	7.989274E-5
1.503243E+3	7.881431E-5
1.503263E+3	7.921872E-5
1.503282E+3	7.840990E-5
1.503301E+3	7.867950E-5
1.503320E+3	7.921872E-5
1.503340E+3	7.840990E-5
1.503359E+3	7.975794E-5
1.503378E+3	7.787068E-5
1.503397E+3	7.921872E-5
1.503417E+3	7.800548E-5
1.503436E+3	7.881431E-5
1.503455E+3	7.935353E-5
1.503474E+3	7.746627E-5
1.503494E+3	8.097118E-5
1.503513E+3	7.814029E-5
1.503532E+3	8.043196E-5
1.503551E+3	7.827509E-5
1.503571E+3	7.827509E-5
1.503590E+3	7.814029E-5
1.503609E+3	7.760107E-5
1.503628E+3	7.814029E-5
1.503648E+3	7.800548E-5
1.503667E+3	7.867950E-5
1.503686E+3	7.746627E-5
1.503705E+3	7.921872E-5
1.503725E+3	7.814029E-5
1.503744E+3	7.894911E-5
1.503763E+3	7.706185E-5
1.503782E+3	7.827509E-5
1.503802E+3	7.827509E-5
1.503821E+3	7.625303E-5
1.503840E+3	7.814029E-5
1.503859E+3	7.611822E-5
1.503879E+3	7.787068E-5
1.503898E+3	7.625303E-5
1.503917E+3	7.760107E-5
1.503936E+3	7.706185E-5
1.503956E+3	7.746627E-5
1.503975E+3	7.881431E-5
1.503994E+3	7.854470E-5
1.504013E+3	7.840990E-5
1.504033E+3	7.746627E-5
1.504052E+3	7.881431E-5
1.504071E+3	7.584861E-5
1.504090E+3	7.894911E-5
1.504110E+3	7.746627E-5
1.504129E+3	7.706185E-5
1.504148E+3	7.692705E-5
1.504167E+3	7.665744E-5
1.504187E+3	7.921872E-5
1.504206E+3	7.719666E-5
1.504225E+3	8.002755E-5
1.504244E+3	7.787068E-5
1.504264E+3	7.854470E-5
1.504283E+3	7.719666E-5
1.504302E+3	7.787068E-5
1.504321E+3	7.894911E-5
1.504341E+3	7.733146E-5
1.504360E+3	7.827509E-5
1.504379E+3	7.598342E-5
1.504398E+3	7.854470E-5
1.504418E+3	7.584861E-5
1.504437E+3	7.867950E-5
1.504456E+3	7.665744E-5
1.504475E+3	7.733146E-5
1.504495E+3	7.571381E-5
1.504514E+3	7.611822E-5
1.504533E+3	7.881431E-5
1.504552E+3	7.611822E-5
1.504572E+3	7.881431E-5
1.504591E+3	7.557901E-5
1.504610E+3	7.611822E-5
1.504629E+3	7.517459E-5
1.504649E+3	7.490498E-5
1.504668E+3	7.773587E-5
1.504687E+3	7.530940E-5
1.504706E+3	7.854470E-5
1.504726E+3	7.490498E-5
1.504745E+3	7.760107E-5
1.504764E+3	7.436577E-5
1.504784E+3	7.746627E-5
1.504803E+3	7.625303E-5
1.504822E+3	7.557901E-5
1.504841E+3	7.517459E-5
1.504861E+3	7.369175E-5
1.504880E+3	7.746627E-5
1.504899E+3	7.463538E-5
1.504918E+3	7.679224E-5
1.504938E+3	7.530940E-5
1.504957E+3	7.679224E-5
1.504976E+3	7.611822E-5
1.504995E+3	7.477018E-5
1.505015E+3	7.827509E-5
1.505034E+3	7.517459E-5
1.505053E+3	7.787068E-5
1.505072E+3	7.436577E-5
1.505092E+3	7.692705E-5
1.505111E+3	7.450057E-5
1.505130E+3	7.571381E-5
1.505149E+3	7.503979E-5
1.505169E+3	7.598342E-5
1.505188E+3	7.584861E-5
1.505207E+3	7.355694E-5
1.505226E+3	7.800548E-5
1.505246E+3	7.638783E-5
1.505265E+3	7.679224E-5
1.505284E+3	7.557901E-5
1.505303E+3	7.544420E-5
1.505323E+3	7.477018E-5
1.505342E+3	7.261331E-5
1.505361E+3	7.625303E-5
1.505380E+3	7.409616E-5
1.505400E+3	7.463538E-5
1.505419E+3	7.193929E-5
1.505438E+3	7.382655E-5
1.505457E+3	7.355694E-5
1.505477E+3	7.396135E-5
1.505496E+3	7.436577E-5
1.505515E+3	7.355694E-5
1.505534E+3	7.315253E-5
1.505554E+3	7.126527E-5
1.505573E+3	7.450057E-5
1.505592E+3	7.315253E-5
1.505611E+3	7.342214E-5
1.505631E+3	7.193929E-5
1.505650E+3	7.220890E-5
1.505669E+3	7.301773E-5
1.505688E+3	6.978242E-5
1.505708E+3	7.328733E-5
1.505727E+3	7.261331E-5
1.505746E+3	7.450057E-5
1.505765E+3	7.261331E-5
1.505785E+3	7.342214E-5
1.505804E+3	7.423096E-5
1.505823E+3	7.328733E-5
1.505842E+3	7.423096E-5
1.505862E+3	7.409616E-5
1.505881E+3	7.355694E-5
1.505900E+3	7.140007E-5
1.505919E+3	7.342214E-5
1.505939E+3	7.140007E-5
1.505958E+3	7.557901E-5
1.505977E+3	7.274812E-5
1.505996E+3	7.220890E-5
1.506016E+3	7.463538E-5
1.506035E+3	7.234370E-5
1.506054E+3	7.477018E-5
1.506073E+3	7.369175E-5
1.506093E+3	7.382655E-5
1.506112E+3	7.193929E-5
1.506131E+3	7.166968E-5
1.506150E+3	7.423096E-5
1.506170E+3	7.018684E-5
1.506189E+3	7.315253E-5
1.506208E+3	7.261331E-5
1.506227E+3	7.423096E-5
1.506247E+3	7.153488E-5
1.506266E+3	7.503979E-5
1.506285E+3	7.423096E-5
1.506304E+3	7.503979E-5
1.506324E+3	7.288292E-5
1.506343E+3	7.301773E-5
1.506362E+3	7.301773E-5
1.506381E+3	7.005203E-5
1.506401E+3	7.315253E-5
1.506420E+3	7.369175E-5
1.506439E+3	7.342214E-5
1.506458E+3	7.409616E-5
1.506478E+3	7.234370E-5
1.506497E+3	7.503979E-5
1.506516E+3	7.355694E-5
1.506535E+3	7.584861E-5
1.506555E+3	7.396135E-5
1.506574E+3	7.571381E-5
1.506593E+3	7.234370E-5
1.506612E+3	7.288292E-5
1.506632E+3	7.342214E-5
1.506651E+3	7.126527E-5
1.506670E+3	7.382655E-5
1.506689E+3	7.193929E-5
1.506709E+3	7.463538E-5
1.506728E+3	7.220890E-5
1.506747E+3	7.611822E-5
1.506767E+3	7.665744E-5
1.506786E+3	7.584861E-5
1.506805E+3	7.665744E-5
1.506824E+3	7.450057E-5
1.506844E+3	7.611822E-5
1.506863E+3	7.436577E-5
1.506882E+3	7.611822E-5
1.506901E+3	7.153488E-5
1.506921E+3	7.517459E-5
1.506940E+3	7.517459E-5
1.506959E+3	7.369175E-5
1.506978E+3	7.787068E-5
1.506998E+3	7.517459E-5
1.507017E+3	7.773587E-5
1.507036E+3	7.544420E-5
1.507055E+3	7.706185E-5
1.507075E+3	7.517459E-5
1.507094E+3	7.571381E-5
1.507113E+3	7.706185E-5
1.507132E+3	7.544420E-5
1.507152E+3	7.490498E-5
1.507171E+3	7.463538E-5
1.507190E+3	7.557901E-5
1.507209E+3	7.490498E-5
1.507229E+3	7.598342E-5
1.507248E+3	7.692705E-5
1.507267E+3	7.503979E-5
1.507286E+3	7.719666E-5
1.507306E+3	7.423096E-5
1.507325E+3	7.665744E-5
1.507344E+3	7.503979E-5
1.507363E+3	7.517459E-5
1.507383E+3	7.557901E-5
1.507402E+3	7.584861E-5
1.507421E+3	7.557901E-5
1.507440E+3	7.625303E-5
1.507460E+3	7.719666E-5
1.507479E+3	7.840990E-5
1.507498E+3	7.787068E-5
1.507517E+3	7.692705E-5
1.507537E+3	7.814029E-5
1.507556E+3	7.611822E-5
1.507575E+3	7.773587E-5
1.507594E+3	7.746627E-5
1.507614E+3	7.638783E-5
1.507633E+3	7.773587E-5
1.507652E+3	7.571381E-5
1.507671E+3	7.719666E-5
1.507691E+3	7.679224E-5
1.507710E+3	7.665744E-5
1.507729E+3	7.854470E-5
1.507748E+3	7.800548E-5
1.507768E+3	7.814029E-5
1.507787E+3	7.733146E-5
1.507806E+3	7.787068E-5
1.507825E+3	7.814029E-5
1.507845E+3	7.908392E-5
1.507864E+3	7.611822E-5
1.507883E+3	7.773587E-5
1.507902E+3	7.450057E-5
1.507922E+3	7.773587E-5
1.507941E+3	7.611822E-5
1.507960E+3	7.665744E-5
1.507979E+3	7.719666E-5
1.507999E+3	7.665744E-5
1.508018E+3	7.733146E-5
1.508037E+3	7.881431E-5
1.508056E+3	7.625303E-5
1.508076E+3	7.867950E-5
1.508095E+3	7.787068E-5
1.508114E+3	7.800548E-5
1.508133E+3	7.746627E-5
1.508153E+3	7.814029E-5
1.508172E+3	7.530940E-5
1.508191E+3	7.854470E-5
1.508210E+3	7.557901E-5
1.508230E+3	7.814029E-5
1.508249E+3	7.611822E-5
1.508268E+3	7.746627E-5
1.508287E+3	7.773587E-5
1.508307E+3	7.611822E-5
1.508326E+3	7.935353E-5
1.508345E+3	7.665744E-5
1.508364E+3	7.719666E-5
1.508384E+3	7.706185E-5
1.508403E+3	7.692705E-5
1.508422E+3	7.760107E-5
1.508441E+3	7.665744E-5
1.508461E+3	7.867950E-5
1.508480E+3	7.679224E-5
1.508499E+3	7.840990E-5
1.508518E+3	7.814029E-5
1.508538E+3	7.787068E-5
1.508557E+3	7.760107E-5
1.508576E+3	7.652264E-5
1.508595E+3	7.800548E-5
1.508615E+3	7.369175E-5
1.508634E+3	7.921872E-5
1.508653E+3	7.369175E-5
1.508672E+3	7.773587E-5
1.508692E+3	7.719666E-5
1.508711E+3	7.665744E-5
1.508730E+3	7.706185E-5
1.508749E+3	7.625303E-5
1.508769E+3	7.867950E-5
1.508788E+3	7.787068E-5
1.508807E+3	7.787068E-5
1.508827E+3	7.881431E-5
1.508846E+3	7.733146E-5
1.508865E+3	7.854470E-5
1.508884E+3	7.436577E-5
1.508904E+3	7.908392E-5
1.508923E+3	7.503979E-5
1.508942E+3	7.787068E-5
1.508961E+3	7.463538E-5
1.508981E+3	7.679224E-5
1.509000E+3	7.665744E-5
1.509019E+3	7.746627E-5
1.509038E+3	7.962313E-5
1.509058E+3	7.760107E-5
1.509077E+3	7.935353E-5
1.509096E+3	7.652264E-5
1.509115E+3	7.814029E-5
1.509135E+3	7.840990E-5
1.509154E+3	7.800548E-5
1.509173E+3	7.787068E-5
1.509192E+3	7.530940E-5
1.509212E+3	7.773587E-5
1.509231E+3	7.530940E-5
1.509250E+3	7.706185E-5
1.509269E+3	7.814029E-5
1.509289E+3	7.679224E-5
1.509308E+3	7.881431E-5
1.509327E+3	7.530940E-5
1.509346E+3	7.814029E-5
1.509366E+3	7.463538E-5
1.509385E+3	7.854470E-5
1.509404E+3	7.530940E-5
1.509423E+3	7.800548E-5
1.509443E+3	7.423096E-5
1.509462E+3	7.679224E-5
1.509481E+3	7.706185E-5
1.509500E+3	7.706185E-5
1.509520E+3	7.840990E-5
1.509539E+3	7.517459E-5
1.509558E+3	7.935353E-5
1.509577E+3	7.477018E-5
1.509597E+3	7.625303E-5
1.509616E+3	7.948833E-5
1.509635E+3	7.679224E-5
1.509654E+3	7.921872E-5
1.509674E+3	7.436577E-5
1.509693E+3	7.652264E-5
1.509712E+3	7.490498E-5
1.509731E+3	7.611822E-5
1.509751E+3	7.692705E-5
1.509770E+3	7.787068E-5
1.509789E+3	7.571381E-5
1.509808E+3	7.665744E-5
1.509828E+3	7.692705E-5
1.509847E+3	7.638783E-5
1.509866E+3	7.840990E-5
1.509885E+3	7.584861E-5
1.509905E+3	7.733146E-5
1.509924E+3	7.530940E-5
1.509943E+3	7.274812E-5
1.509962E+3	7.746627E-5
1.509982E+3	7.396135E-5
1.510001E+3	7.584861E-5
1.510020E+3	7.611822E-5
1.510039E+3	7.490498E-5
1.510059E+3	7.867950E-5
1.510078E+3	7.490498E-5
1.510097E+3	7.854470E-5
1.510116E+3	7.652264E-5
1.510136E+3	7.733146E-5
1.510155E+3	7.517459E-5
1.510174E+3	7.652264E-5
1.510193E+3	7.342214E-5
1.510213E+3	7.760107E-5
1.510232E+3	7.477018E-5
1.510251E+3	7.652264E-5
1.510270E+3	7.652264E-5
1.510290E+3	7.220890E-5
1.510309E+3	7.692705E-5
1.510328E+3	7.611822E-5
1.510347E+3	7.625303E-5
1.510367E+3	7.706185E-5
1.510386E+3	7.328733E-5
1.510405E+3	7.706185E-5
1.510424E+3	7.436577E-5
1.510444E+3	7.557901E-5
1.510463E+3	7.611822E-5
1.510482E+3	7.611822E-5
1.510501E+3	7.342214E-5
1.510521E+3	7.490498E-5
1.510540E+3	7.517459E-5
1.510559E+3	7.557901E-5
1.510578E+3	7.692705E-5
1.510598E+3	7.557901E-5
1.510617E+3	7.746627E-5
1.510636E+3	7.315253E-5
1.510655E+3	7.692705E-5
1.510675E+3	7.665744E-5
1.510694E+3	7.450057E-5
1.510713E+3	7.733146E-5
1.510732E+3	7.274812E-5
1.510752E+3	7.665744E-5
1.510771E+3	7.463538E-5
1.510790E+3	7.557901E-5
1.510809E+3	7.827509E-5
1.510829E+3	7.544420E-5
1.510848E+3	7.773587E-5
1.510867E+3	7.342214E-5
1.510887E+3	7.800548E-5
1.510906E+3	7.423096E-5
1.510925E+3	7.773587E-5
1.510944E+3	7.423096E-5
1.510964E+3	7.719666E-5
1.510983E+3	7.261331E-5
1.511002E+3	7.490498E-5
1.511021E+3	7.584861E-5
1.511041E+3	7.409616E-5
1.511060E+3	7.719666E-5
1.511079E+3	7.477018E-5
1.511098E+3	7.611822E-5
1.511118E+3	7.503979E-5
1.511137E+3	7.544420E-5
1.511156E+3	7.733146E-5
1.511175E+3	7.477018E-5
1.511195E+3	7.746627E-5
1.511214E+3	7.423096E-5
1.511233E+3	7.557901E-5
1.511252E+3	7.477018E-5
1.511272E+3	7.423096E-5
1.511291E+3	7.584861E-5
1.511310E+3	7.490498E-5
1.511329E+3	7.733146E-5
1.511349E+3	7.477018E-5
1.511368E+3	7.854470E-5
1.511387E+3	7.450057E-5
1.511406E+3	7.867950E-5
1.511426E+3	7.625303E-5
1.511445E+3	7.827509E-5
1.511464E+3	7.760107E-5
1.511483E+3	7.638783E-5
1.511503E+3	7.800548E-5
1.511522E+3	7.477018E-5
1.511541E+3	7.800548E-5
1.511560E+3	7.611822E-5
1.511580E+3	7.733146E-5
1.511599E+3	7.827509E-5
1.511618E+3	7.477018E-5
1.511637E+3	7.962313E-5
1.511657E+3	7.598342E-5
1.511676E+3	7.935353E-5
1.511695E+3	7.611822E-5
1.511714E+3	7.814029E-5
1.511734E+3	7.557901E-5
1.511753E+3	7.760107E-5
1.511772E+3	7.692705E-5
1.511791E+3	7.719666E-5
1.511811E+3	7.840990E-5
1.511830E+3	7.490498E-5
1.511849E+3	7.894911E-5
1.511868E+3	7.706185E-5
1.511888E+3	7.867950E-5
1.511907E+3	7.921872E-5
1.511926E+3	7.746627E-5
1.511945E+3	7.948833E-5
1.511965E+3	7.557901E-5
1.511984E+3	7.814029E-5
1.512003E+3	7.733146E-5
1.512022E+3	7.692705E-5
1.512042E+3	7.935353E-5
1.512061E+3	7.584861E-5
1.512080E+3	7.800548E-5
1.512099E+3	7.746627E-5
1.512119E+3	7.962313E-5
1.512138E+3	7.760107E-5
1.512157E+3	7.948833E-5
1.512176E+3	7.733146E-5
1.512196E+3	7.921872E-5
1.512215E+3	7.746627E-5
1.512234E+3	7.719666E-5
1.512253E+3	7.867950E-5
1.512273E+3	7.611822E-5
1.512292E+3	7.854470E-5
1.512311E+3	7.733146E-5
1.512330E+3	7.638783E-5
1.512350E+3	8.002755E-5
1.512369E+3	7.625303E-5
1.512388E+3	8.029716E-5
1.512407E+3	7.840990E-5
1.512427E+3	8.002755E-5
1.512446E+3	7.935353E-5
1.512465E+3	7.800548E-5
1.512484E+3	7.908392E-5
1.512504E+3	7.908392E-5
1.512523E+3	7.935353E-5
1.512542E+3	7.881431E-5
1.512561E+3	8.056676E-5
1.512581E+3	7.598342E-5
1.512600E+3	8.110598E-5
1.512619E+3	7.881431E-5
1.512638E+3	8.002755E-5
1.512658E+3	8.178000E-5
1.512677E+3	7.746627E-5
1.512696E+3	8.110598E-5
1.512715E+3	7.800548E-5
1.512735E+3	7.975794E-5
1.512754E+3	7.935353E-5
1.512773E+3	7.787068E-5
1.512792E+3	7.948833E-5
1.512812E+3	7.692705E-5
1.512831E+3	7.894911E-5
1.512850E+3	7.827509E-5
1.512869E+3	8.124079E-5
1.512889E+3	7.706185E-5
1.512908E+3	8.056676E-5
1.512927E+3	7.894911E-5
1.512947E+3	8.002755E-5
1.512966E+3	8.110598E-5
1.512985E+3	7.800548E-5
1.513004E+3	8.124079E-5
1.513024E+3	7.719666E-5
1.513043E+3	8.002755E-5
1.513062E+3	7.921872E-5
1.513081E+3	7.894911E-5
1.513101E+3	8.083637E-5
1.513120E+3	7.962313E-5
1.513139E+3	8.151039E-5
1.513158E+3	8.056676E-5
1.513178E+3	8.164520E-5
1.513197E+3	7.989274E-5
1.513216E+3	7.975794E-5
1.513235E+3	8.191481E-5
1.513255E+3	7.827509E-5
1.513274E+3	8.151039E-5
1.513293E+3	7.787068E-5
1.513312E+3	8.083637E-5
1.513332E+3	7.908392E-5
1.513351E+3	8.043196E-5
1.513370E+3	8.070157E-5
1.513389E+3	7.814029E-5
1.513409E+3	8.191481E-5
1.513428E+3	7.800548E-5
1.513447E+3	8.178000E-5
1.513466E+3	8.178000E-5
1.513486E+3	8.151039E-5
1.513505E+3	8.016235E-5
1.513524E+3	7.760107E-5
1.513543E+3	8.043196E-5
1.513563E+3	7.800548E-5
1.513582E+3	8.110598E-5
1.513601E+3	7.881431E-5
1.513620E+3	8.137559E-5
1.513640E+3	7.921872E-5
1.513659E+3	7.921872E-5
1.513678E+3	8.083637E-5
1.513697E+3	8.002755E-5
1.513717E+3	8.231922E-5
1.513736E+3	7.867950E-5
1.513755E+3	8.178000E-5
1.513774E+3	8.016235E-5
1.513794E+3	7.921872E-5
1.513813E+3	8.002755E-5
1.513832E+3	7.760107E-5
1.513851E+3	8.124079E-5
1.513871E+3	7.800548E-5
1.513890E+3	8.110598E-5
1.513909E+3	8.029716E-5
1.513928E+3	7.908392E-5
1.513948E+3	8.178000E-5
1.513967E+3	7.881431E-5
1.513986E+3	8.285844E-5
1.514005E+3	7.814029E-5
1.514025E+3	8.029716E-5
1.514044E+3	7.908392E-5
1.514063E+3	8.070157E-5
1.514082E+3	8.043196E-5
1.514102E+3	7.814029E-5
1.514121E+3	8.110598E-5
1.514140E+3	7.760107E-5
1.514159E+3	8.124079E-5
1.514179E+3	8.002755E-5
1.514198E+3	8.110598E-5
1.514217E+3	7.935353E-5
1.514236E+3	7.881431E-5
1.514256E+3	8.124079E-5
1.514275E+3	7.544420E-5
1.514294E+3	7.989274E-5
1.514313E+3	7.814029E-5
1.514333E+3	7.881431E-5
1.514352E+3	7.867950E-5
1.514371E+3	7.733146E-5
1.514390E+3	7.800548E-5
1.514410E+3	7.598342E-5
1.514429E+3	8.029716E-5
1.514448E+3	7.773587E-5
1.514467E+3	7.935353E-5
1.514487E+3	7.733146E-5
1.514506E+3	7.760107E-5
1.514525E+3	8.029716E-5
1.514544E+3	7.571381E-5
1.514564E+3	7.948833E-5
1.514583E+3	7.692705E-5
1.514602E+3	7.814029E-5
1.514621E+3	7.665744E-5
1.514641E+3	7.652264E-5
1.514660E+3	7.921872E-5
1.514679E+3	7.719666E-5
1.514698E+3	8.056676E-5
1.514718E+3	7.706185E-5
1.514737E+3	8.070157E-5
1.514756E+3	7.719666E-5
1.514775E+3	7.908392E-5
1.514795E+3	7.719666E-5
1.514814E+3	7.625303E-5
1.514833E+3	7.840990E-5
1.514852E+3	7.355694E-5
1.514872E+3	7.760107E-5
1.514891E+3	7.557901E-5
1.514910E+3	7.557901E-5
1.514929E+3	7.719666E-5
1.514949E+3	7.719666E-5
1.514968E+3	7.867950E-5
1.514987E+3	7.584861E-5
1.515007E+3	7.814029E-5
1.515026E+3	7.584861E-5
1.515045E+3	7.773587E-5
1.515064E+3	7.611822E-5
1.515084E+3	7.625303E-5
1.515103E+3	7.611822E-5
1.515122E+3	7.423096E-5
1.515141E+3	7.935353E-5
1.515161E+3	7.450057E-5
1.515180E+3	7.450057E-5
1.515199E+3	7.679224E-5
1.515218E+3	7.733146E-5
1.515238E+3	7.921872E-5
1.515257E+3	7.746627E-5
1.515276E+3	7.975794E-5
1.515295E+3	7.665744E-5
1.515315E+3	7.773587E-5
1.515334E+3	7.706185E-5
1.515353E+3	7.571381E-5
1.515372E+3	7.611822E-5
1.515392E+3	7.396135E-5
1.515411E+3	7.773587E-5
1.515430E+3	7.288292E-5
1.515449E+3	7.800548E-5
1.515469E+3	7.423096E-5
1.515488E+3	7.625303E-5
1.515507E+3	7.692705E-5
1.515526E+3	7.557901E-5
1.515546E+3	7.854470E-5
1.515565E+3	7.355694E-5
1.515584E+3	7.773587E-5
1.515603E+3	7.463538E-5
1.515623E+3	7.773587E-5
1.515642E+3	7.692705E-5
1.515661E+3	7.584861E-5
1.515680E+3	7.840990E-5
1.515700E+3	7.679224E-5
1.515719E+3	7.908392E-5
1.515738E+3	7.598342E-5
1.515757E+3	7.935353E-5
1.515777E+3	7.854470E-5
1.515796E+3	7.571381E-5
1.515815E+3	8.029716E-5
1.515834E+3	7.503979E-5
1.515854E+3	7.989274E-5
1.515873E+3	7.679224E-5
1.515892E+3	7.894911E-5
1.515911E+3	7.706185E-5
1.515931E+3	7.746627E-5
1.515950E+3	7.733146E-5
1.515969E+3	7.665744E-5
1.515988E+3	7.921872E-5
1.516008E+3	7.800548E-5
1.516027E+3	7.948833E-5
1.516046E+3	7.746627E-5
1.516065E+3	7.530940E-5
1.516085E+3	7.840990E-5
1.516104E+3	7.315253E-5
1.516123E+3	7.773587E-5
1.516142E+3	7.342214E-5
1.516162E+3	7.625303E-5
1.516181E+3	7.530940E-5
1.516200E+3	7.557901E-5
1.516219E+3	7.800548E-5
1.516239E+3	7.625303E-5
1.516258E+3	7.921872E-5
1.516277E+3	7.652264E-5
1.516296E+3	8.002755E-5
1.516316E+3	7.625303E-5
1.516335E+3	7.921872E-5
1.516354E+3	7.692705E-5
1.516373E+3	7.787068E-5
1.516393E+3	7.787068E-5
1.516412E+3	7.463538E-5
1.516431E+3	7.975794E-5
1.516450E+3	7.760107E-5
1.516470E+3	7.598342E-5
1.516489E+3	7.962313E-5
1.516508E+3	7.665744E-5
1.516527E+3	8.137559E-5
1.516547E+3	7.773587E-5
1.516566E+3	7.827509E-5
1.516585E+3	7.867950E-5
1.516604E+3	7.948833E-5
1.516624E+3	7.490498E-5
1.516643E+3	7.679224E-5
1.516662E+3	7.962313E-5
1.516681E+3	7.692705E-5
1.516701E+3	7.962313E-5
1.516720E+3	7.638783E-5
1.516739E+3	8.070157E-5
1.516758E+3	7.773587E-5
1.516778E+3	7.692705E-5
1.516797E+3	8.070157E-5
1.516816E+3	7.450057E-5
1.516835E+3	7.975794E-5
1.516855E+3	7.814029E-5
1.516874E+3	7.948833E-5
1.516893E+3	8.083637E-5
1.516912E+3	7.584861E-5
1.516932E+3	8.029716E-5
1.516951E+3	7.827509E-5
1.516970E+3	8.124079E-5
1.516990E+3	7.854470E-5
1.517009E+3	8.029716E-5
1.517028E+3	7.800548E-5
1.517047E+3	8.016235E-5
1.517067E+3	8.043196E-5
1.517086E+3	7.921872E-5
1.517105E+3	8.137559E-5
1.517124E+3	7.706185E-5
1.517144E+3	7.962313E-5
1.517163E+3	7.679224E-5
1.517182E+3	7.571381E-5
1.517201E+3	7.975794E-5
1.517221E+3	7.706185E-5
1.517240E+3	7.867950E-5
1.517259E+3	7.881431E-5
1.517278E+3	7.706185E-5
1.517298E+3	7.975794E-5
1.517317E+3	7.733146E-5
1.517336E+3	8.029716E-5
1.517355E+3	7.773587E-5
1.517375E+3	8.002755E-5
1.517394E+3	7.409616E-5
1.517413E+3	7.908392E-5
1.517432E+3	7.733146E-5
1.517452E+3	7.692705E-5
1.517471E+3	7.746627E-5
1.517490E+3	7.692705E-5
1.517509E+3	8.016235E-5
1.517529E+3	7.584861E-5
1.517548E+3	7.989274E-5
1.517567E+3	7.975794E-5
1.517586E+3	7.854470E-5
1.517606E+3	8.070157E-5
1.517625E+3	7.719666E-5
1.517644E+3	7.989274E-5
1.517663E+3	7.975794E-5
1.517683E+3	7.921872E-5
1.517702E+3	8.083637E-5
1.517721E+3	7.840990E-5
1.517740E+3	8.056676E-5
1.517760E+3	7.571381E-5
1.517779E+3	8.043196E-5
1.517798E+3	7.921872E-5
1.517817E+3	7.989274E-5
1.517837E+3	7.935353E-5
1.517856E+3	7.935353E-5
1.517875E+3	7.962313E-5
1.517894E+3	7.692705E-5
1.517914E+3	8.070157E-5
1.517933E+3	7.881431E-5
1.517952E+3	7.948833E-5
1.517971E+3	7.760107E-5
1.517991E+3	7.773587E-5
1.518010E+3	8.097118E-5
1.518029E+3	7.652264E-5
1.518048E+3	8.070157E-5
1.518068E+3	7.867950E-5
1.518087E+3	7.948833E-5
1.518106E+3	8.164520E-5
1.518125E+3	7.881431E-5
1.518145E+3	8.204961E-5
1.518164E+3	7.719666E-5
1.518183E+3	8.245402E-5
1.518202E+3	7.800548E-5
1.518222E+3	8.097118E-5
1.518241E+3	7.746627E-5
1.518260E+3	8.043196E-5
1.518279E+3	8.110598E-5
1.518299E+3	8.191481E-5
1.518318E+3	8.137559E-5
1.518337E+3	7.989274E-5
1.518356E+3	8.218442E-5
1.518376E+3	7.935353E-5
1.518395E+3	8.070157E-5
1.518414E+3	8.245402E-5
1.518433E+3	8.043196E-5
1.518453E+3	8.056676E-5
1.518472E+3	7.652264E-5
1.518491E+3	7.935353E-5
1.518510E+3	8.043196E-5
1.518530E+3	7.787068E-5
1.518549E+3	8.218442E-5
1.518568E+3	7.800548E-5
1.518587E+3	8.097118E-5
1.518607E+3	7.719666E-5
1.518626E+3	8.204961E-5
1.518645E+3	8.083637E-5
1.518664E+3	8.285844E-5
1.518684E+3	7.854470E-5
1.518703E+3	7.881431E-5
1.518722E+3	8.056676E-5
1.518741E+3	7.814029E-5
1.518761E+3	8.056676E-5
1.518780E+3	7.854470E-5
1.518799E+3	8.043196E-5
1.518818E+3	7.975794E-5
1.518838E+3	7.760107E-5
1.518857E+3	8.137559E-5
1.518876E+3	8.097118E-5
1.518895E+3	8.043196E-5
1.518915E+3	8.137559E-5
1.518934E+3	7.975794E-5
1.518953E+3	8.110598E-5
1.518972E+3	7.787068E-5
1.518992E+3	8.056676E-5
1.519011E+3	7.854470E-5
1.519030E+3	7.989274E-5
1.519050E+3	7.706185E-5
1.519069E+3	8.016235E-5
1.519088E+3	7.733146E-5
1.519107E+3	7.881431E-5
1.519127E+3	8.204961E-5
1.519146E+3	7.814029E-5
1.519165E+3	8.258883E-5
1.519184E+3	8.029716E-5
1.519204E+3	7.921872E-5
1.519223E+3	8.097118E-5
1.519242E+3	7.894911E-5
1.519261E+3	8.029716E-5
1.519281E+3	7.719666E-5
1.519300E+3	8.002755E-5
1.519319E+3	7.787068E-5
1.519338E+3	7.935353E-5
1.519358E+3	8.002755E-5
1.519377E+3	7.989274E-5
1.519396E+3	7.935353E-5
1.519415E+3	7.800548E-5
1.519435E+3	7.989274E-5
1.519454E+3	7.800548E-5
1.519473E+3	8.070157E-5
1.519492E+3	7.881431E-5
1.519512E+3	7.908392E-5
1.519531E+3	7.935353E-5
1.519550E+3	7.463538E-5
1.519569E+3	7.962313E-5
1.519589E+3	7.773587E-5
1.519608E+3	7.881431E-5
1.519627E+3	7.962313E-5
1.519646E+3	7.962313E-5
1.519666E+3	8.124079E-5
1.519685E+3	7.665744E-5
1.519704E+3	8.097118E-5
1.519723E+3	7.989274E-5
1.519743E+3	7.989274E-5
1.519762E+3	7.827509E-5
1.519781E+3	8.002755E-5
1.519800E+3	7.894911E-5
1.519820E+3	7.881431E-5
1.519839E+3	7.975794E-5
1.519858E+3	7.814029E-5
1.519877E+3	8.043196E-5
1.519897E+3	7.840990E-5
1.519916E+3	7.827509E-5
1.519935E+3	7.935353E-5
1.519954E+3	7.733146E-5
1.519974E+3	7.948833E-5
1.519993E+3	7.665744E-5
1.520012E+3	7.692705E-5
1.520031E+3	7.719666E-5
1.520051E+3	7.301773E-5
1.520070E+3	7.773587E-5
1.520089E+3	7.288292E-5
1.520108E+3	7.787068E-5
1.520128E+3	7.584861E-5
1.520147E+3	7.773587E-5
1.520166E+3	7.490498E-5
1.520185E+3	7.719666E-5
1.520205E+3	7.733146E-5
1.520224E+3	7.894911E-5
1.520243E+3	7.773587E-5
1.520262E+3	7.544420E-5
1.520282E+3	7.814029E-5
1.520301E+3	7.544420E-5
1.520320E+3	7.557901E-5
1.520339E+3	7.814029E-5
1.520359E+3	7.463538E-5
1.520378E+3	7.894911E-5
1.520397E+3	7.611822E-5
1.520416E+3	7.584861E-5
1.520436E+3	7.989274E-5
1.520455E+3	7.652264E-5
1.520474E+3	8.056676E-5
1.520493E+3	7.557901E-5
1.520513E+3	8.029716E-5
1.520532E+3	7.733146E-5
1.520551E+3	8.002755E-5
1.520570E+3	7.814029E-5
1.520590E+3	7.975794E-5
1.520609E+3	7.706185E-5
1.520628E+3	7.867950E-5
1.520647E+3	8.029716E-5
1.520667E+3	7.692705E-5
1.520686E+3	8.016235E-5
1.520705E+3	7.706185E-5
1.520724E+3	7.760107E-5
1.520744E+3	8.029716E-5
1.520763E+3	7.530940E-5
1.520782E+3	8.043196E-5
1.520801E+3	7.814029E-5
1.520821E+3	7.746627E-5
1.520840E+3	8.070157E-5
1.520859E+3	7.746627E-5
1.520878E+3	8.056676E-5
1.520898E+3	7.814029E-5
1.520917E+3	8.097118E-5
1.520936E+3	7.854470E-5
1.520955E+3	8.191481E-5
1.520975E+3	7.692705E-5
1.520994E+3	8.056676E-5
1.521013E+3	7.679224E-5
1.521032E+3	7.598342E-5
1.521052E+3	7.989274E-5
1.521071E+3	7.571381E-5
1.521090E+3	7.814029E-5
1.521110E+3	7.557901E-5
1.521129E+3	7.463538E-5
1.521148E+3	8.002755E-5
1.521167E+3	7.692705E-5
1.521187E+3	7.854470E-5
1.521206E+3	7.733146E-5
1.521225E+3	7.814029E-5
1.521244E+3	7.867950E-5
1.521264E+3	7.625303E-5
1.521283E+3	7.881431E-5
1.521302E+3	7.571381E-5
1.521321E+3	7.854470E-5
1.521341E+3	7.342214E-5
1.521360E+3	7.827509E-5
1.521379E+3	7.328733E-5
1.521398E+3	7.827509E-5
1.521418E+3	7.894911E-5
1.521437E+3	7.584861E-5
1.521456E+3	8.070157E-5
1.521475E+3	7.854470E-5
1.521495E+3	8.016235E-5
1.521514E+3	8.204961E-5
1.521533E+3	8.056676E-5
1.521552E+3	8.204961E-5
1.521572E+3	8.056676E-5
1.521591E+3	8.204961E-5
1.521610E+3	7.948833E-5
1.521629E+3	7.706185E-5
1.521649E+3	8.110598E-5
1.521668E+3	7.962313E-5
1.521687E+3	8.110598E-5
1.521706E+3	7.840990E-5
1.521726E+3	8.380207E-5
1.521745E+3	7.679224E-5
1.521764E+3	8.326285E-5
1.521783E+3	7.908392E-5
1.521803E+3	8.043196E-5
1.521822E+3	8.339765E-5
1.521841E+3	7.814029E-5
1.521860E+3	8.178000E-5
1.521880E+3	8.070157E-5
1.521899E+3	8.204961E-5
1.521918E+3	8.124079E-5
1.521937E+3	8.029716E-5
1.521957E+3	8.353246E-5
1.521976E+3	7.962313E-5
1.521995E+3	8.272363E-5
1.522014E+3	7.908392E-5
1.522034E+3	8.191481E-5
1.522053E+3	7.894911E-5
1.522072E+3	7.854470E-5
1.522091E+3	8.070157E-5
1.522111E+3	7.760107E-5
1.522130E+3	8.178000E-5
1.522149E+3	7.773587E-5
1.522168E+3	7.935353E-5
1.522188E+3	7.989274E-5
1.522207E+3	7.867950E-5
1.522226E+3	8.366726E-5
1.522245E+3	8.070157E-5
1.522265E+3	8.245402E-5
1.522284E+3	8.097118E-5
1.522303E+3	8.245402E-5
1.522322E+3	8.204961E-5
1.522342E+3	8.002755E-5
1.522361E+3	8.366726E-5
1.522380E+3	7.625303E-5
1.522399E+3	8.070157E-5
1.522419E+3	7.935353E-5
1.522438E+3	7.692705E-5
1.522457E+3	8.137559E-5
1.522476E+3	7.706185E-5
1.522496E+3	8.191481E-5
1.522515E+3	7.881431E-5
1.522534E+3	8.191481E-5
1.522553E+3	8.070157E-5
1.522573E+3	8.137559E-5
1.522592E+3	8.353246E-5
1.522611E+3	8.029716E-5
1.522630E+3	8.434128E-5
1.522650E+3	7.881431E-5
1.522669E+3	8.137559E-5
1.522688E+3	8.002755E-5
1.522707E+3	7.814029E-5
1.522727E+3	8.312805E-5
1.522746E+3	7.881431E-5
1.522765E+3	8.353246E-5
1.522784E+3	7.881431E-5
1.522804E+3	7.827509E-5
1.522823E+3	8.204961E-5
1.522842E+3	8.043196E-5
1.522861E+3	8.366726E-5
1.522881E+3	8.056676E-5
1.522900E+3	8.299324E-5
1.522919E+3	7.948833E-5
1.522938E+3	8.043196E-5
1.522958E+3	8.258883E-5
1.522977E+3	7.962313E-5
1.522996E+3	8.285844E-5
1.523015E+3	7.827509E-5
1.523035E+3	8.285844E-5
1.523054E+3	8.002755E-5
1.523073E+3	7.989274E-5
1.523092E+3	8.191481E-5
1.523112E+3	7.733146E-5
1.523131E+3	8.231922E-5
1.523150E+3	7.423096E-5
1.523170E+3	7.894911E-5
1.523189E+3	8.043196E-5
1.523208E+3	7.773587E-5
1.523227E+3	8.204961E-5
1.523247E+3	7.530940E-5
1.523266E+3	8.218442E-5
1.523285E+3	7.908392E-5
1.523304E+3	8.218442E-5
1.523324E+3	8.151039E-5
1.523343E+3	8.056676E-5
1.523362E+3	8.353246E-5
1.523381E+3	7.948833E-5
1.523401E+3	8.380207E-5
1.523420E+3	7.854470E-5
1.523439E+3	8.016235E-5
1.523458E+3	8.016235E-5
1.523478E+3	7.584861E-5
1.523497E+3	8.231922E-5
1.523516E+3	7.625303E-5
1.523535E+3	7.948833E-5
1.523555E+3	8.204961E-5
1.523574E+3	7.800548E-5
1.523593E+3	8.285844E-5
1.523612E+3	7.773587E-5
1.523632E+3	8.299324E-5
1.523651E+3	7.827509E-5
1.523670E+3	8.164520E-5
1.523689E+3	7.989274E-5
1.523709E+3	8.029716E-5
1.523728E+3	8.056676E-5
1.523747E+3	7.557901E-5
1.523766E+3	8.083637E-5
1.523786E+3	7.760107E-5
1.523805E+3	8.218442E-5
1.523824E+3	8.097118E-5
1.523843E+3	7.948833E-5
1.523863E+3	8.393687E-5
1.523882E+3	7.746627E-5
1.523901E+3	8.164520E-5
1.523920E+3	8.016235E-5
1.523940E+3	8.097118E-5
1.523959E+3	8.029716E-5
1.523978E+3	7.773587E-5
1.523997E+3	8.110598E-5
1.524017E+3	7.881431E-5
1.524036E+3	8.326285E-5
1.524055E+3	7.692705E-5
1.524074E+3	8.204961E-5
1.524094E+3	8.002755E-5
1.524113E+3	7.881431E-5
1.524132E+3	8.366726E-5
1.524151E+3	7.773587E-5
1.524171E+3	8.218442E-5
1.524190E+3	7.800548E-5
1.524209E+3	7.773587E-5
1.524228E+3	7.935353E-5
1.524248E+3	7.450057E-5
1.524267E+3	8.043196E-5
1.524286E+3	7.827509E-5
1.524305E+3	8.002755E-5
1.524325E+3	7.962313E-5
1.524344E+3	7.989274E-5
1.524363E+3	8.164520E-5
1.524382E+3	7.706185E-5
1.524402E+3	8.258883E-5
1.524421E+3	7.773587E-5
1.524440E+3	8.097118E-5
1.524459E+3	7.665744E-5
1.524479E+3	7.638783E-5
1.524498E+3	7.962313E-5
1.524517E+3	7.409616E-5
1.524536E+3	7.881431E-5
1.524556E+3	7.692705E-5
1.524575E+3	7.881431E-5
1.524594E+3	7.908392E-5
1.524613E+3	7.557901E-5
1.524633E+3	8.110598E-5
1.524652E+3	7.787068E-5
1.524671E+3	8.097118E-5
1.524690E+3	7.665744E-5
1.524710E+3	7.840990E-5
1.524729E+3	7.814029E-5
1.524748E+3	7.665744E-5
1.524767E+3	7.921872E-5
1.524787E+3	7.706185E-5
1.524806E+3	8.002755E-5
1.524825E+3	7.328733E-5
1.524844E+3	7.760107E-5
1.524864E+3	8.056676E-5
1.524883E+3	7.746627E-5
1.524902E+3	8.070157E-5
1.524921E+3	7.854470E-5
1.524941E+3	7.908392E-5
1.524960E+3	7.652264E-5
1.524979E+3	7.625303E-5
