1.475000E+3	6.452506E-7
1.475019E+3	6.371623E-7
1.475038E+3	6.277260E-7
1.475057E+3	6.425545E-7
1.475077E+3	6.452506E-7
1.475096E+3	6.856918E-7
1.475115E+3	6.115495E-7
1.475134E+3	6.492947E-7
1.475154E+3	5.980691E-7
1.475173E+3	6.560349E-7
1.475192E+3	5.765004E-7
1.475211E+3	5.212306E-7
1.475231E+3	5.562797E-7
1.475250E+3	5.239267E-7
1.475269E+3	6.169417E-7
1.475288E+3	7.180449E-7
1.475308E+3	7.840990E-7
1.475327E+3	1.026747E-6
1.475346E+3	1.133242E-6
1.475365E+3	1.428463E-6
1.475385E+3	1.578096E-6
1.475404E+3	1.932631E-6
1.475423E+3	1.897582E-6
1.475442E+3	2.300647E-6
1.475462E+3	2.233245E-6
1.475481E+3	2.355917E-6
1.475500E+3	2.416579E-6
1.475519E+3	2.351873E-6
1.475539E+3	2.306039E-6
1.475558E+3	2.149666E-6
1.475577E+3	2.173931E-6
1.475597E+3	1.843661E-6
1.475616E+3	1.778955E-6
1.475635E+3	1.621234E-6
1.475654E+3	1.375890E-6
1.475674E+3	1.239737E-6
1.475693E+3	9.903495E-7
1.475712E+3	8.380207E-7
1.475731E+3	6.897360E-7
1.475751E+3	6.115495E-7
1.475770E+3	5.252748E-7
1.475789E+3	4.983139E-7
1.475808E+3	4.915737E-7
1.475828E+3	5.454954E-7
1.475847E+3	6.492947E-7
1.475866E+3	8.016235E-7
1.475885E+3	1.001134E-6
1.475905E+3	1.152115E-6
1.475924E+3	1.309836E-6
1.475943E+3	1.470253E-6
1.475962E+3	1.735817E-6
1.475982E+3	1.762778E-6
1.476001E+3	2.031038E-6
1.476020E+3	2.086308E-6
1.476039E+3	2.052607E-6
1.476059E+3	2.101137E-6
1.476078E+3	1.973073E-6
1.476097E+3	1.863881E-6
1.476116E+3	1.754690E-6
1.476136E+3	1.644150E-6
1.476155E+3	1.543047E-6
1.476174E+3	1.328708E-6
1.476193E+3	1.141330E-6
1.476213E+3	1.028095E-6
1.476232E+3	8.892463E-7
1.476251E+3	9.391239E-7
1.476270E+3	7.962313E-7
1.476290E+3	7.436577E-7
1.476309E+3	7.477018E-7
1.476328E+3	7.625303E-7
1.476347E+3	9.269915E-7
1.476367E+3	1.009222E-6
1.476386E+3	1.144026E-6
1.476405E+3	1.255914E-6
1.476424E+3	1.452728E-6
1.476444E+3	1.467557E-6
1.476463E+3	1.715596E-6
1.476482E+3	1.711552E-6
1.476501E+3	1.931283E-6
1.476521E+3	1.955548E-6
1.476540E+3	1.991945E-6
1.476559E+3	1.979813E-6
1.476578E+3	1.923195E-6
1.476598E+3	1.857141E-6
1.476617E+3	1.677851E-6
1.476636E+3	1.626626E-6
1.476655E+3	1.406895E-6
1.476675E+3	1.330056E-6
1.476694E+3	1.122458E-6
1.476713E+3	9.283395E-7
1.476732E+3	8.285844E-7
1.476752E+3	6.627751E-7
1.476771E+3	6.452506E-7
1.476790E+3	6.250299E-7
1.476809E+3	5.535837E-7
1.476829E+3	6.250299E-7
1.476848E+3	6.533388E-7
1.476867E+3	7.140007E-7
1.476887E+3	8.541972E-7
1.476906E+3	9.687808E-7
1.476925E+3	1.176379E-6
1.476944E+3	1.206036E-6
1.476964E+3	1.487777E-6
1.476983E+3	1.704812E-6
1.477002E+3	1.741209E-6
1.477021E+3	1.909715E-6
1.477041E+3	2.072828E-6
1.477060E+3	2.176627E-6
1.477079E+3	2.076872E-6
1.477098E+3	2.110573E-6
1.477118E+3	2.016210E-6
1.477137E+3	1.939372E-6
1.477156E+3	1.761430E-6
1.477175E+3	1.630670E-6
1.477195E+3	1.493169E-6
1.477214E+3	1.308488E-6
1.477233E+3	1.188512E-6
1.477252E+3	9.795652E-7
1.477272E+3	8.825061E-7
1.477291E+3	6.789516E-7
1.477310E+3	6.155936E-7
1.477329E+3	4.457402E-7
1.477349E+3	4.228235E-7
1.477368E+3	3.729459E-7
1.477387E+3	3.810342E-7
1.477406E+3	4.147352E-7
1.477426E+3	4.700050E-7
1.477445E+3	6.102014E-7
1.477464E+3	6.412064E-7
1.477483E+3	7.274812E-7
1.477503E+3	8.110598E-7
1.477522E+3	9.472121E-7
1.477541E+3	9.836093E-7
1.477560E+3	1.075276E-6
1.477580E+3	1.071232E-6
1.477599E+3	1.123806E-6
1.477618E+3	1.096845E-6
1.477637E+3	1.083364E-6
1.477657E+3	1.038879E-6
1.477676E+3	1.011918E-6
1.477695E+3	8.973346E-7
1.477714E+3	7.989274E-7
1.477734E+3	6.951281E-7
1.477753E+3	5.886328E-7
1.477772E+3	4.969659E-7
1.477791E+3	4.403481E-7
1.477811E+3	3.352007E-7
1.477830E+3	2.839751E-7
1.477849E+3	2.219651E-7
1.477868E+3	1.963523E-7
1.477888E+3	2.165730E-7
1.477907E+3	2.314014E-7
1.477926E+3	2.192691E-7
1.477945E+3	2.287054E-7
1.477965E+3	2.731908E-7
1.477984E+3	3.459851E-7
1.478003E+3	3.635096E-7
1.478022E+3	4.430441E-7
1.478042E+3	4.268676E-7
1.478061E+3	4.780933E-7
1.478080E+3	4.767452E-7
1.478099E+3	5.427993E-7
1.478119E+3	4.956178E-7
1.478138E+3	5.185345E-7
1.478157E+3	4.295637E-7
1.478176E+3	4.349559E-7
1.478196E+3	3.850783E-7
1.478215E+3	3.702498E-7
1.478234E+3	3.298086E-7
1.478254E+3	3.271125E-7
1.478273E+3	2.907153E-7
1.478292E+3	3.190242E-7
1.478311E+3	3.244164E-7
1.478331E+3	3.055438E-7
1.478350E+3	4.012548E-7
1.478369E+3	4.120392E-7
1.478388E+3	4.363039E-7
1.478408E+3	4.983139E-7
1.478427E+3	5.845886E-7
1.478446E+3	6.061573E-7
1.478465E+3	7.018684E-7
1.478485E+3	7.032164E-7
1.478504E+3	7.503979E-7
1.478523E+3	7.166968E-7
1.478542E+3	7.436577E-7
1.478562E+3	7.665744E-7
1.478581E+3	6.856918E-7
1.478600E+3	6.856918E-7
1.478619E+3	5.306669E-7
1.478639E+3	4.780933E-7
1.478658E+3	3.877744E-7
1.478677E+3	3.136320E-7
1.478696E+3	2.583623E-7
1.478716E+3	1.936562E-7
1.478735E+3	1.559110E-7
1.478754E+3	1.087295E-7
1.478773E+3	1.073815E-7
1.478793E+3	1.114256E-7
1.478812E+3	1.518669E-7
1.478831E+3	2.057886E-7
1.478850E+3	2.516221E-7
1.478870E+3	3.999068E-7
1.478889E+3	5.347111E-7
1.478908E+3	6.668192E-7
1.478927E+3	8.865502E-7
1.478947E+3	1.005178E-6
1.478966E+3	1.125154E-6
1.478985E+3	1.327360E-6
1.479004E+3	1.381282E-6
1.479024E+3	1.596969E-6
1.479043E+3	1.596969E-6
1.479062E+3	1.553831E-6
1.479081E+3	1.516086E-6
1.479101E+3	1.439248E-6
1.479120E+3	1.543047E-6
1.479139E+3	1.460816E-6
1.479158E+3	1.330056E-6
1.479178E+3	1.273438E-6
1.479197E+3	1.108977E-6
1.479216E+3	9.660847E-7
1.479235E+3	8.878983E-7
1.479255E+3	6.937801E-7
1.479274E+3	6.776036E-7
1.479293E+3	5.144904E-7
1.479312E+3	4.807893E-7
1.479332E+3	4.484363E-7
1.479351E+3	4.578726E-7
1.479370E+3	4.861815E-7
1.479389E+3	5.198826E-7
1.479409E+3	6.465986E-7
1.479428E+3	8.582413E-7
1.479447E+3	9.647367E-7
1.479466E+3	1.001134E-6
1.479486E+3	1.104933E-6
1.479505E+3	1.212777E-6
1.479524E+3	1.269394E-6
1.479544E+3	1.413635E-6
1.479563E+3	1.533611E-6
1.479582E+3	1.472949E-6
1.479601E+3	1.551135E-6
1.479621E+3	1.393414E-6
1.479640E+3	1.460816E-6
1.479659E+3	1.344885E-6
1.479678E+3	1.286919E-6
1.479698E+3	1.214125E-6
1.479717E+3	9.809132E-7
1.479736E+3	8.825061E-7
1.479755E+3	7.962313E-7
1.479775E+3	7.140007E-7
1.479794E+3	6.546869E-7
1.479813E+3	6.344662E-7
1.479832E+3	6.371623E-7
1.479852E+3	6.722114E-7
1.479871E+3	7.301773E-7
1.479890E+3	7.719666E-7
1.479909E+3	1.006526E-6
1.479929E+3	1.033487E-6
1.479948E+3	1.203340E-6
1.479967E+3	1.342189E-6
1.479986E+3	1.388022E-6
1.480006E+3	1.572704E-6
1.480025E+3	1.749298E-6
1.480044E+3	1.888146E-6
1.480063E+3	2.010818E-6
1.480083E+3	2.093048E-6
1.480102E+3	2.132142E-6
1.480121E+3	2.101137E-6
1.480140E+3	2.043171E-6
1.480160E+3	1.982509E-6
1.480179E+3	1.924543E-6
1.480198E+3	1.627974E-6
1.480217E+3	1.429811E-6
1.480237E+3	1.226257E-6
1.480256E+3	1.168291E-6
1.480275E+3	9.215993E-7
1.480294E+3	7.746627E-7
1.480314E+3	6.506427E-7
1.480333E+3	5.131424E-7
1.480352E+3	4.106911E-7
1.480371E+3	3.271125E-7
1.480391E+3	3.378968E-7
1.480410E+3	3.082399E-7
1.480429E+3	3.486812E-7
1.480448E+3	4.780933E-7
1.480468E+3	5.037061E-7
1.480487E+3	7.288292E-7
1.480506E+3	7.638783E-7
1.480525E+3	1.018658E-6
1.480545E+3	1.154811E-6
1.480564E+3	1.266698E-6
1.480583E+3	1.389370E-6
1.480602E+3	1.400154E-6
1.480622E+3	1.479689E-6
1.480641E+3	1.491821E-6
1.480660E+3	1.557875E-6
1.480679E+3	1.517434E-6
1.480699E+3	1.509346E-6
1.480718E+3	1.537655E-6
1.480737E+3	1.331404E-6
1.480756E+3	1.187164E-6
1.480776E+3	1.076624E-6
1.480795E+3	1.037531E-6
1.480814E+3	8.784620E-7
1.480833E+3	7.719666E-7
1.480853E+3	6.506427E-7
1.480872E+3	5.711082E-7
1.480891E+3	5.778484E-7
1.480911E+3	5.481915E-7
1.480930E+3	6.075054E-7
1.480949E+3	6.021132E-7
1.480968E+3	7.369175E-7
1.480988E+3	8.151039E-7
1.481007E+3	9.364278E-7
1.481026E+3	1.033487E-6
1.481045E+3	1.056404E-6
1.481065E+3	1.193904E-6
1.481084E+3	1.216821E-6
1.481103E+3	1.295007E-6
1.481122E+3	1.406895E-6
1.481142E+3	1.296355E-6
1.481161E+3	1.382630E-6
1.481180E+3	1.232997E-6
1.481199E+3	1.247826E-6
1.481219E+3	1.188512E-6
1.481238E+3	1.086061E-6
1.481257E+3	1.025399E-6
1.481276E+3	8.528491E-7
1.481296E+3	8.029716E-7
1.481315E+3	6.695153E-7
1.481334E+3	7.126527E-7
1.481353E+3	7.113047E-7
1.481373E+3	6.843438E-7
1.481392E+3	7.989274E-7
1.481411E+3	7.935353E-7
1.481430E+3	9.633886E-7
1.481450E+3	1.204688E-6
1.481469E+3	1.300399E-6
1.481488E+3	1.606405E-6
1.481507E+3	1.671111E-6
1.481527E+3	1.940720E-6
1.481546E+3	2.151014E-6
1.481565E+3	2.454324E-6
1.481584E+3	2.636310E-6
1.481604E+3	2.706408E-6
1.481623E+3	2.926139E-6
1.481642E+3	2.966580E-6
1.481661E+3	2.932879E-6
1.481681E+3	3.032634E-6
1.481700E+3	2.835820E-6
1.481719E+3	2.849300E-6
1.481738E+3	2.558123E-6
1.481758E+3	2.322216E-6
1.481777E+3	2.122705E-6
1.481796E+3	1.863881E-6
1.481815E+3	1.621234E-6
1.481835E+3	1.541699E-6
1.481854E+3	1.228953E-6
1.481873E+3	1.095497E-6
1.481892E+3	8.501531E-7
1.481912E+3	7.342214E-7
1.481931E+3	6.371623E-7
1.481950E+3	5.670641E-7
1.481969E+3	5.374071E-7
1.481989E+3	6.250299E-7
1.482008E+3	6.209858E-7
1.482027E+3	8.905943E-7
1.482046E+3	9.566484E-7
1.482066E+3	1.195252E-6
1.482085E+3	1.330056E-6
1.482104E+3	1.530915E-6
1.482123E+3	1.664371E-6
1.482143E+3	1.964984E-6
1.482162E+3	1.940720E-6
1.482181E+3	2.086308E-6
1.482201E+3	2.157755E-6
1.482220E+3	2.222461E-6
1.482239E+3	2.173931E-6
1.482258E+3	2.392314E-6
1.482278E+3	2.292559E-6
1.482297E+3	2.060695E-6
1.482316E+3	2.184715E-6
1.482335E+3	1.970377E-6
1.482355E+3	1.904322E-6
1.482374E+3	1.784347E-6
1.482393E+3	1.738513E-6
1.482412E+3	1.572704E-6
1.482432E+3	1.445988E-6
1.482451E+3	1.435204E-6
1.482470E+3	1.365105E-6
1.482489E+3	1.433856E-6
1.482509E+3	1.379934E-6
1.482528E+3	1.359713E-6
1.482547E+3	1.456772E-6
1.482566E+3	1.474297E-6
1.482586E+3	1.481037E-6
1.482605E+3	1.530915E-6
1.482624E+3	1.536307E-6
1.482643E+3	1.507998E-6
1.482663E+3	1.437900E-6
1.482682E+3	1.464861E-6
1.482701E+3	1.402851E-6
1.482720E+3	1.350277E-6
1.482740E+3	1.323316E-6
1.482759E+3	1.241085E-6
1.482778E+3	1.127850E-6
1.482797E+3	1.056404E-6
1.482817E+3	9.067708E-7
1.482836E+3	8.029716E-7
1.482855E+3	6.668192E-7
1.482874E+3	5.616719E-7
1.482894E+3	5.077502E-7
1.482913E+3	4.295637E-7
1.482932E+3	3.945146E-7
1.482951E+3	4.106911E-7
1.482971E+3	4.470883E-7
1.482990E+3	4.241715E-7
1.483009E+3	5.212306E-7
1.483028E+3	6.182897E-7
1.483048E+3	6.856918E-7
1.483067E+3	7.935353E-7
1.483086E+3	7.989274E-7
1.483105E+3	9.283395E-7
1.483125E+3	9.350797E-7
1.483144E+3	1.131894E-6
1.483163E+3	1.024051E-6
1.483182E+3	1.156159E-6
1.483202E+3	1.123806E-6
1.483221E+3	1.077972E-6
1.483240E+3	1.002482E-6
1.483259E+3	1.025399E-6
1.483279E+3	8.353246E-7
1.483298E+3	7.800548E-7
1.483317E+3	6.681673E-7
1.483336E+3	5.374071E-7
1.483356E+3	4.753972E-7
1.483375E+3	4.268676E-7
1.483394E+3	3.392449E-7
1.483413E+3	3.109360E-7
1.483433E+3	2.758868E-7
1.483452E+3	2.718427E-7
1.483471E+3	3.365488E-7
1.483490E+3	3.864264E-7
1.483510E+3	4.443922E-7
1.483529E+3	5.427993E-7
1.483548E+3	6.317701E-7
1.483568E+3	7.746627E-7
1.483587E+3	9.350797E-7
1.483606E+3	1.045619E-6
1.483625E+3	1.247826E-6
1.483645E+3	1.270742E-6
1.483664E+3	1.385326E-6
1.483683E+3	1.539003E-6
1.483702E+3	1.545743E-6
1.483722E+3	1.657631E-6
1.483741E+3	1.633366E-6
1.483760E+3	1.706160E-6
1.483779E+3	1.657631E-6
1.483799E+3	1.570008E-6
1.483818E+3	1.622582E-6
1.483837E+3	1.472949E-6
1.483856E+3	1.435204E-6
1.483876E+3	1.334100E-6
1.483895E+3	1.410939E-6
1.483914E+3	1.312532E-6
1.483933E+3	1.273438E-6
1.483953E+3	1.317924E-6
1.483972E+3	1.313880E-6
1.483991E+3	1.398806E-6
1.484010E+3	1.474297E-6
1.484030E+3	1.482385E-6
1.484049E+3	1.626626E-6
1.484068E+3	1.680547E-6
1.484087E+3	1.704812E-6
1.484107E+3	1.823440E-6
1.484126E+3	1.929935E-6
1.484145E+3	1.897582E-6
1.484164E+3	1.890842E-6
1.484184E+3	1.969029E-6
1.484203E+3	1.994641E-6
1.484222E+3	1.849053E-6
1.484241E+3	1.901626E-6
1.484261E+3	1.772214E-6
1.484280E+3	1.638758E-6
1.484299E+3	1.636062E-6
1.484318E+3	1.365105E-6
1.484338E+3	1.219517E-6
1.484357E+3	1.053708E-6
1.484376E+3	9.256434E-7
1.484395E+3	7.544420E-7
1.484415E+3	6.897360E-7
1.484434E+3	6.250299E-7
1.484453E+3	5.738043E-7
1.484472E+3	5.872847E-7
1.484492E+3	6.088534E-7
1.484511E+3	7.220890E-7
1.484530E+3	8.218442E-7
1.484549E+3	9.256434E-7
1.484569E+3	1.135938E-6
1.484588E+3	1.313880E-6
1.484607E+3	1.572704E-6
1.484626E+3	1.720989E-6
1.484646E+3	2.049911E-6
1.484665E+3	2.172583E-6
1.484684E+3	2.378834E-6
1.484703E+3	2.663271E-6
1.484723E+3	2.742805E-6
1.484742E+3	2.909962E-6
1.484761E+3	2.901874E-6
1.484780E+3	2.831776E-6
1.484800E+3	2.833124E-6
1.484819E+3	2.820992E-6
1.484838E+3	2.645746E-6
1.484858E+3	2.442192E-6
1.484877E+3	2.276382E-6
1.484896E+3	2.165843E-6
1.484915E+3	1.863881E-6
1.484935E+3	1.750646E-6
1.484954E+3	1.466209E-6
1.484973E+3	1.214125E-6
1.484992E+3	1.103585E-6
1.485012E+3	9.337317E-7
1.485031E+3	7.665744E-7
1.485050E+3	6.425545E-7
1.485069E+3	5.845886E-7
1.485089E+3	4.646128E-7
1.485108E+3	4.740491E-7
1.485127E+3	4.524804E-7
1.485146E+3	4.807893E-7
1.485166E+3	5.266228E-7
1.485185E+3	5.940249E-7
1.485204E+3	6.371623E-7
1.485223E+3	7.193929E-7
1.485243E+3	7.894911E-7
1.485262E+3	7.800548E-7
1.485281E+3	8.272363E-7
1.485300E+3	8.245402E-7
1.485320E+3	8.825061E-7
1.485339E+3	8.474570E-7
1.485358E+3	8.663296E-7
1.485377E+3	8.002755E-7
1.485397E+3	7.948833E-7
1.485416E+3	7.382655E-7
1.485435E+3	6.978242E-7
1.485454E+3	6.546869E-7
1.485474E+3	5.994171E-7
1.485493E+3	6.048093E-7
1.485512E+3	5.670641E-7
1.485531E+3	5.589758E-7
1.485551E+3	5.643680E-7
1.485570E+3	6.034612E-7
1.485589E+3	6.155936E-7
1.485608E+3	6.802997E-7
1.485628E+3	7.530940E-7
1.485647E+3	7.557901E-7
1.485666E+3	7.908392E-7
1.485685E+3	8.892463E-7
1.485705E+3	9.148591E-7
1.485724E+3	9.566484E-7
1.485743E+3	9.458641E-7
1.485762E+3	9.499082E-7
1.485782E+3	9.215993E-7
1.485801E+3	9.364278E-7
1.485820E+3	8.231922E-7
1.485839E+3	8.191481E-7
1.485859E+3	7.207410E-7
1.485878E+3	6.573829E-7
1.485897E+3	5.481915E-7
1.485916E+3	4.686570E-7
1.485936E+3	4.201274E-7
1.485955E+3	3.621616E-7
1.485974E+3	3.311566E-7
1.485993E+3	3.028477E-7
1.486013E+3	3.176762E-7
1.486032E+3	3.014997E-7
1.486051E+3	3.756420E-7
1.486070E+3	4.295637E-7
1.486090E+3	4.969659E-7
1.486109E+3	5.953730E-7
1.486128E+3	7.584861E-7
1.486147E+3	8.636335E-7
1.486167E+3	1.011918E-6
1.486186E+3	1.192556E-6
1.486205E+3	1.324664E-6
1.486225E+3	1.451380E-6
1.486244E+3	1.576748E-6
1.486263E+3	1.592925E-6
1.486282E+3	1.694028E-6
1.486302E+3	1.737165E-6
1.486321E+3	1.776258E-6
1.486340E+3	1.762778E-6
1.486359E+3	1.722337E-6
1.486379E+3	1.622582E-6
1.486398E+3	1.611797E-6
1.486417E+3	1.481037E-6
1.486436E+3	1.467557E-6
1.486456E+3	1.247826E-6
1.486475E+3	1.184468E-6
1.486494E+3	1.046967E-6
1.486513E+3	9.364278E-7
1.486533E+3	8.959865E-7
1.486552E+3	8.016235E-7
1.486571E+3	7.908392E-7
1.486590E+3	7.881431E-7
1.486610E+3	8.366726E-7
1.486629E+3	8.798100E-7
1.486648E+3	9.633886E-7
1.486667E+3	1.024051E-6
1.486687E+3	1.193904E-6
1.486706E+3	1.214125E-6
1.486725E+3	1.357017E-6
1.486744E+3	1.343537E-6
1.486764E+3	1.560572E-6
1.486783E+3	1.552483E-6
1.486802E+3	1.672459E-6
1.486821E+3	1.718293E-6
1.486841E+3	1.699420E-6
1.486860E+3	1.677851E-6
1.486879E+3	1.720989E-6
1.486898E+3	1.681895E-6
1.486918E+3	1.625278E-6
1.486937E+3	1.518782E-6
1.486956E+3	1.402851E-6
1.486975E+3	1.315228E-6
1.486995E+3	1.197948E-6
1.487014E+3	1.099541E-6
1.487033E+3	1.014614E-6
1.487052E+3	9.067708E-7
1.487072E+3	8.690257E-7
1.487091E+3	8.258883E-7
1.487110E+3	8.488050E-7
1.487129E+3	8.798100E-7
1.487149E+3	8.178000E-7
1.487168E+3	8.541972E-7
1.487187E+3	9.566484E-7
1.487206E+3	1.014614E-6
1.487226E+3	1.026747E-6
1.487245E+3	1.142678E-6
1.487264E+3	1.210080E-6
1.487283E+3	1.282875E-6
1.487303E+3	1.330056E-6
1.487322E+3	1.373194E-6
1.487341E+3	1.354321E-6
1.487360E+3	1.354321E-6
1.487380E+3	1.351625E-6
1.487399E+3	1.288267E-6
1.487418E+3	1.223561E-6
1.487437E+3	1.082016E-6
1.487457E+3	1.022703E-6
1.487476E+3	8.326285E-7
1.487495E+3	7.867950E-7
1.487515E+3	6.196377E-7
1.487534E+3	5.603239E-7
1.487553E+3	4.565246E-7
1.487572E+3	3.729459E-7
1.487592E+3	3.149801E-7
1.487611E+3	2.462299E-7
1.487630E+3	2.462299E-7
1.487649E+3	2.084847E-7
1.487669E+3	2.408377E-7
1.487688E+3	2.273573E-7
1.487707E+3	3.136320E-7
1.487726E+3	3.190242E-7
1.487746E+3	4.592207E-7
1.487765E+3	5.266228E-7
1.487784E+3	6.061573E-7
1.487803E+3	6.371623E-7
1.487823E+3	7.315253E-7
1.487842E+3	7.234370E-7
1.487861E+3	7.409616E-7
1.487880E+3	8.043196E-7
1.487900E+3	7.733146E-7
1.487919E+3	7.180449E-7
1.487938E+3	6.452506E-7
1.487957E+3	6.937801E-7
1.487977E+3	5.401032E-7
1.487996E+3	5.454954E-7
1.488015E+3	4.969659E-7
1.488034E+3	3.810342E-7
1.488054E+3	3.594655E-7
1.488073E+3	2.731908E-7
1.488092E+3	2.260093E-7
1.488111E+3	1.842199E-7
1.488131E+3	1.882641E-7
1.488150E+3	1.518669E-7
1.488169E+3	1.923082E-7
1.488188E+3	1.801758E-7
1.488208E+3	2.543182E-7
1.488227E+3	2.826271E-7
1.488246E+3	3.729459E-7
1.488265E+3	3.715979E-7
1.488285E+3	4.659609E-7
1.488304E+3	4.834854E-7
1.488323E+3	5.158385E-7
1.488342E+3	5.684121E-7
1.488362E+3	5.171865E-7
1.488381E+3	6.425545E-7
1.488400E+3	6.385103E-7
1.488419E+3	6.236819E-7
1.488439E+3	5.926769E-7
1.488458E+3	5.535837E-7
1.488477E+3	5.913288E-7
1.488496E+3	5.535837E-7
1.488516E+3	5.117943E-7
1.488535E+3	4.538285E-7
1.488554E+3	4.363039E-7
1.488573E+3	4.416961E-7
1.488593E+3	4.632648E-7
1.488612E+3	4.646128E-7
1.488631E+3	5.306669E-7
1.488650E+3	4.942698E-7
1.488670E+3	5.791965E-7
1.488689E+3	6.358143E-7
1.488708E+3	7.665744E-7
1.488727E+3	7.840990E-7
1.488747E+3	8.245402E-7
1.488766E+3	9.202513E-7
1.488785E+3	9.283395E-7
1.488804E+3	1.036183E-6
1.488824E+3	1.100889E-6
1.488843E+3	1.091453E-6
1.488862E+3	1.139982E-6
1.488882E+3	1.096845E-6
1.488901E+3	1.102237E-6
1.488920E+3	9.687808E-7
1.488939E+3	9.660847E-7
1.488959E+3	9.067708E-7
1.488978E+3	7.692705E-7
1.488997E+3	6.519908E-7
1.489016E+3	5.616719E-7
1.489036E+3	4.956178E-7
1.489055E+3	4.160833E-7
1.489074E+3	3.729459E-7
1.489093E+3	3.203723E-7
1.489113E+3	3.365488E-7
1.489132E+3	3.230683E-7
1.489151E+3	3.554214E-7
1.489170E+3	4.619167E-7
1.489190E+3	5.212306E-7
1.489209E+3	6.479466E-7
1.489228E+3	7.598342E-7
1.489247E+3	9.067708E-7
1.489267E+3	1.079320E-6
1.489286E+3	1.197948E-6
1.489305E+3	1.348929E-6
1.489324E+3	1.545743E-6
1.489344E+3	1.772214E-6
1.489363E+3	1.932631E-6
1.489382E+3	1.855793E-6
1.489401E+3	2.122705E-6
1.489421E+3	1.970377E-6
1.489440E+3	2.130794E-6
1.489459E+3	2.060695E-6
1.489478E+3	2.070132E-6
1.489498E+3	1.869273E-6
1.489517E+3	1.819396E-6
1.489536E+3	1.819396E-6
1.489555E+3	1.679199E-6
1.489575E+3	1.456772E-6
1.489594E+3	1.352973E-6
1.489613E+3	1.245130E-6
1.489632E+3	1.153463E-6
1.489652E+3	1.053708E-6
1.489671E+3	9.418200E-7
1.489690E+3	8.218442E-7
1.489709E+3	7.840990E-7
1.489729E+3	7.423096E-7
1.489748E+3	7.396135E-7
1.489767E+3	8.178000E-7
1.489786E+3	8.312805E-7
1.489806E+3	9.256434E-7
1.489825E+3	9.660847E-7
1.489844E+3	9.890015E-7
1.489863E+3	1.175031E-6
1.489883E+3	1.200644E-6
1.489902E+3	1.319272E-6
1.489921E+3	1.307140E-6
1.489940E+3	1.404199E-6
1.489960E+3	1.510694E-6
1.489979E+3	1.392066E-6
1.489998E+3	1.493169E-6
1.490017E+3	1.464861E-6
1.490037E+3	1.483733E-6
1.490056E+3	1.305792E-6
1.490075E+3	1.354321E-6
1.490094E+3	1.241085E-6
1.490114E+3	1.154811E-6
1.490133E+3	1.135938E-6
1.490152E+3	1.079320E-6
1.490172E+3	1.046967E-6
1.490191E+3	1.021354E-6
1.490210E+3	1.026747E-6
1.490229E+3	1.061796E-6
1.490249E+3	1.065840E-6
1.490268E+3	1.130546E-6
1.490287E+3	1.214125E-6
1.490306E+3	1.172335E-6
1.490326E+3	1.338145E-6
1.490345E+3	1.307140E-6
1.490364E+3	1.425767E-6
1.490383E+3	1.406895E-6
1.490403E+3	1.520130E-6
1.490422E+3	1.565964E-6
1.490441E+3	1.548439E-6
1.490460E+3	1.586184E-6
1.490480E+3	1.587532E-6
1.490499E+3	1.586184E-6
1.490518E+3	1.494517E-6
1.490537E+3	1.486429E-6
1.490557E+3	1.334100E-6
1.490576E+3	1.246478E-6
1.490595E+3	1.122458E-6
1.490614E+3	9.795652E-7
1.490634E+3	9.013787E-7
1.490653E+3	7.571381E-7
1.490672E+3	7.099566E-7
1.490691E+3	6.075054E-7
1.490711E+3	5.171865E-7
1.490730E+3	5.279708E-7
1.490749E+3	4.524804E-7
1.490768E+3	4.403481E-7
1.490788E+3	4.686570E-7
1.490807E+3	5.104463E-7
1.490826E+3	6.223338E-7
1.490845E+3	6.883879E-7
1.490865E+3	8.083637E-7
1.490884E+3	8.878983E-7
1.490903E+3	9.660847E-7
1.490922E+3	1.100889E-6
1.490942E+3	1.176379E-6
1.490961E+3	1.274787E-6
1.490980E+3	1.277483E-6
1.490999E+3	1.363757E-6
1.491019E+3	1.315228E-6
1.491038E+3	1.259958E-6
1.491057E+3	1.351625E-6
1.491076E+3	1.316576E-6
1.491096E+3	1.278831E-6
1.491115E+3	1.206036E-6
1.491134E+3	1.091453E-6
1.491153E+3	1.052359E-6
1.491173E+3	9.040748E-7
1.491192E+3	8.852022E-7
1.491211E+3	8.690257E-7
1.491230E+3	7.692705E-7
1.491250E+3	7.436577E-7
1.491269E+3	7.288292E-7
1.491288E+3	6.856918E-7
1.491307E+3	7.301773E-7
1.491327E+3	8.110598E-7
1.491346E+3	8.555452E-7
1.491365E+3	8.878983E-7
1.491384E+3	9.526043E-7
1.491404E+3	1.115717E-6
1.491423E+3	1.130546E-6
1.491442E+3	1.262654E-6
1.491461E+3	1.398806E-6
1.491481E+3	1.361061E-6
1.491500E+3	1.466209E-6
1.491519E+3	1.491821E-6
1.491539E+3	1.555179E-6
1.491558E+3	1.463513E-6
1.491577E+3	1.505302E-6
1.491596E+3	1.440596E-6
1.491616E+3	1.478341E-6
1.491635E+3	1.397458E-6
1.491654E+3	1.382630E-6
1.491673E+3	1.338145E-6
1.491693E+3	1.249174E-6
1.491712E+3	1.126502E-6
1.491731E+3	1.099541E-6
1.491750E+3	1.115717E-6
1.491770E+3	1.072580E-6
1.491789E+3	1.118414E-6
1.491808E+3	1.114369E-6
1.491827E+3	1.118414E-6
1.491847E+3	1.090105E-6
1.491866E+3	1.280179E-6
1.491885E+3	1.300399E-6
1.491904E+3	1.445988E-6
1.491924E+3	1.501258E-6
1.491943E+3	1.568660E-6
1.491962E+3	1.571356E-6
1.491981E+3	1.553831E-6
1.492001E+3	1.766822E-6
1.492020E+3	1.708856E-6
1.492039E+3	1.828832E-6
1.492058E+3	1.809959E-6
1.492078E+3	1.822092E-6
1.492097E+3	1.656283E-6
1.492116E+3	1.654935E-6
1.492135E+3	1.506650E-6
1.492155E+3	1.431159E-6
1.492174E+3	1.348929E-6
1.492193E+3	1.152115E-6
1.492212E+3	1.077972E-6
1.492232E+3	9.323837E-7
1.492251E+3	9.108150E-7
1.492270E+3	7.274812E-7
1.492289E+3	6.951281E-7
1.492309E+3	6.048093E-7
1.492328E+3	5.010100E-7
1.492347E+3	5.131424E-7
1.492366E+3	4.538285E-7
1.492386E+3	4.969659E-7
1.492405E+3	4.659609E-7
1.492424E+3	4.578726E-7
1.492443E+3	4.996619E-7
1.492463E+3	5.158385E-7
1.492482E+3	5.643680E-7
1.492501E+3	5.845886E-7
1.492520E+3	5.994171E-7
1.492540E+3	6.317701E-7
1.492559E+3	6.412064E-7
1.492578E+3	7.342214E-7
1.492597E+3	6.856918E-7
1.492617E+3	7.247851E-7
1.492636E+3	7.113047E-7
1.492655E+3	7.207410E-7
1.492674E+3	7.099566E-7
1.492694E+3	7.234370E-7
1.492713E+3	6.722114E-7
1.492732E+3	6.546869E-7
1.492751E+3	6.061573E-7
1.492771E+3	5.562797E-7
1.492790E+3	6.102014E-7
1.492809E+3	6.439025E-7
1.492829E+3	6.519908E-7
1.492848E+3	6.708634E-7
1.492867E+3	6.668192E-7
1.492886E+3	7.153488E-7
1.492906E+3	7.477018E-7
1.492925E+3	8.528491E-7
1.492944E+3	8.097118E-7
1.492963E+3	9.310356E-7
1.492983E+3	9.472121E-7
1.493002E+3	9.189032E-7
1.493021E+3	1.053708E-6
1.493040E+3	1.071232E-6
1.493060E+3	1.142678E-6
1.493079E+3	1.017310E-6
1.493098E+3	1.130546E-6
1.493117E+3	1.088757E-6
1.493137E+3	1.044271E-6
1.493156E+3	1.103585E-6
1.493175E+3	1.048315E-6
1.493194E+3	1.049663E-6
1.493214E+3	9.890015E-7
1.493233E+3	9.836093E-7
1.493252E+3	8.973346E-7
1.493271E+3	9.647367E-7
1.493291E+3	9.215993E-7
1.493310E+3	8.865502E-7
1.493329E+3	9.189032E-7
1.493348E+3	9.768691E-7
1.493368E+3	9.795652E-7
1.493387E+3	1.122458E-6
1.493406E+3	1.133242E-6
1.493425E+3	1.218169E-6
1.493445E+3	1.274787E-6
1.493464E+3	1.224909E-6
1.493483E+3	1.265350E-6
1.493502E+3	1.336796E-6
1.493522E+3	1.420375E-6
1.493541E+3	1.424419E-6
1.493560E+3	1.355669E-6
1.493579E+3	1.385326E-6
1.493599E+3	1.379934E-6
1.493618E+3	1.262654E-6
1.493637E+3	1.340841E-6
1.493656E+3	1.208732E-6
1.493676E+3	1.145374E-6
1.493695E+3	1.057752E-6
1.493714E+3	9.431680E-7
1.493733E+3	9.458641E-7
1.493753E+3	8.541972E-7
1.493772E+3	8.434128E-7
1.493791E+3	7.450057E-7
1.493810E+3	7.503979E-7
1.493830E+3	7.544420E-7
1.493849E+3	7.328733E-7
1.493868E+3	8.690257E-7
1.493887E+3	8.744178E-7
1.493907E+3	9.714769E-7
1.493926E+3	1.002482E-6
1.493945E+3	1.154811E-6
1.493964E+3	1.273438E-6
1.493984E+3	1.555179E-6
1.494003E+3	1.543047E-6
1.494022E+3	1.669763E-6
1.494041E+3	1.861185E-6
1.494061E+3	1.881406E-6
1.494080E+3	2.022950E-6
1.494099E+3	2.051259E-6
1.494119E+3	2.121357E-6
1.494138E+3	2.051259E-6
1.494157E+3	2.059347E-6
1.494176E+3	2.130794E-6
1.494196E+3	1.936676E-6
1.494215E+3	1.846357E-6
1.494234E+3	1.756038E-6
1.494253E+3	1.621234E-6
1.494273E+3	1.503954E-6
1.494292E+3	1.359713E-6
1.494311E+3	1.381282E-6
1.494330E+3	1.203340E-6
1.494350E+3	1.204688E-6
1.494369E+3	1.063144E-6
1.494388E+3	1.045619E-6
1.494407E+3	1.051011E-6
1.494427E+3	1.065840E-6
1.494446E+3	1.135938E-6
1.494465E+3	1.166943E-6
1.494484E+3	1.230301E-6
1.494504E+3	1.420375E-6
1.494523E+3	1.443292E-6
1.494542E+3	1.525522E-6
1.494561E+3	1.788391E-6
1.494581E+3	1.851749E-6
1.494600E+3	1.804567E-6
1.494619E+3	1.870621E-6
1.494638E+3	1.966332E-6
1.494658E+3	1.944764E-6
1.494677E+3	1.889494E-6
1.494696E+3	1.942068E-6
1.494715E+3	1.854445E-6
1.494735E+3	1.673807E-6
1.494754E+3	1.621234E-6
1.494773E+3	1.464861E-6
1.494792E+3	1.313880E-6
1.494812E+3	1.188512E-6
1.494831E+3	1.046967E-6
1.494850E+3	8.905943E-7
1.494869E+3	7.315253E-7
1.494889E+3	7.032164E-7
1.494908E+3	6.182897E-7
1.494927E+3	6.034612E-7
1.494946E+3	6.385103E-7
1.494966E+3	6.398584E-7
1.494985E+3	6.924321E-7
1.495004E+3	8.070157E-7
1.495023E+3	9.472121E-7
1.495043E+3	1.106281E-6
1.495062E+3	1.273438E-6
1.495081E+3	1.392066E-6
1.495100E+3	1.633366E-6
1.495120E+3	1.901626E-6
1.495139E+3	1.939372E-6
1.495158E+3	2.250769E-6
1.495177E+3	2.200892E-6
1.495197E+3	2.395010E-6
1.495216E+3	2.314127E-6
1.495235E+3	2.504201E-6
1.495254E+3	2.395010E-6
1.495274E+3	2.361309E-6
1.495293E+3	2.252118E-6
1.495312E+3	2.149666E-6
1.495331E+3	2.004078E-6
1.495351E+3	1.818048E-6
1.495370E+3	1.716945E-6
1.495389E+3	1.545743E-6
1.495408E+3	1.436552E-6
1.495428E+3	1.270742E-6
1.495447E+3	1.168291E-6
1.495466E+3	1.092801E-6
1.495486E+3	9.674328E-7
1.495505E+3	9.890015E-7
1.495524E+3	9.269915E-7
1.495543E+3	9.876534E-7
1.495563E+3	1.077972E-6
1.495582E+3	1.118414E-6
1.495601E+3	1.214125E-6
1.495620E+3	1.223561E-6
1.495640E+3	1.375890E-6
1.495659E+3	1.439248E-6
1.495678E+3	1.472949E-6
1.495697E+3	1.603709E-6
1.495717E+3	1.649542E-6
1.495736E+3	1.667067E-6
1.495755E+3	1.750646E-6
1.495774E+3	1.782999E-6
1.495794E+3	1.627974E-6
1.495813E+3	1.618537E-6
1.495832E+3	1.499910E-6
1.495851E+3	1.460816E-6
1.495871E+3	1.313880E-6
1.495890E+3	1.214125E-6
1.495909E+3	1.025399E-6
1.495928E+3	8.609374E-7
1.495948E+3	8.029716E-7
1.495967E+3	6.533388E-7
1.495986E+3	5.980691E-7
1.496005E+3	5.670641E-7
1.496025E+3	5.158385E-7
1.496044E+3	5.630200E-7
1.496063E+3	5.724562E-7
1.496082E+3	6.546869E-7
1.496102E+3	6.910840E-7
1.496121E+3	8.771139E-7
1.496140E+3	9.458641E-7
1.496159E+3	1.088757E-6
1.496179E+3	1.335448E-6
1.496198E+3	1.447336E-6
1.496217E+3	1.587532E-6
1.496236E+3	1.707508E-6
1.496256E+3	1.845009E-6
1.496275E+3	1.911063E-6
1.496294E+3	2.048563E-6
1.496313E+3	2.086308E-6
1.496333E+3	1.987901E-6
1.496352E+3	1.975769E-6
1.496371E+3	1.828832E-6
1.496390E+3	1.772214E-6
1.496410E+3	1.665719E-6
1.496429E+3	1.582140E-6
1.496448E+3	1.425767E-6
1.496467E+3	1.183120E-6
1.496487E+3	1.061796E-6
1.496506E+3	9.013787E-7
1.496525E+3	7.719666E-7
1.496544E+3	6.263780E-7
1.496564E+3	5.333630E-7
1.496583E+3	4.133872E-7
1.496602E+3	3.459851E-7
1.496621E+3	2.880192E-7
1.496641E+3	2.758868E-7
1.496660E+3	2.893673E-7
1.496679E+3	2.893673E-7
1.496698E+3	3.405929E-7
1.496718E+3	4.201274E-7
1.496737E+3	4.875296E-7
1.496756E+3	5.616719E-7
1.496776E+3	6.048093E-7
1.496795E+3	6.776036E-7
1.496814E+3	7.342214E-7
1.496833E+3	8.272363E-7
1.496853E+3	8.959865E-7
1.496872E+3	8.838541E-7
1.496891E+3	9.499082E-7
1.496910E+3	9.714769E-7
1.496930E+3	9.822612E-7
1.496949E+3	9.553004E-7
1.496968E+3	9.593445E-7
1.496987E+3	8.771139E-7
1.497007E+3	8.178000E-7
1.497026E+3	7.854470E-7
1.497045E+3	7.396135E-7
1.497064E+3	6.829958E-7
1.497084E+3	6.749075E-7
1.497103E+3	6.573829E-7
1.497122E+3	6.425545E-7
1.497141E+3	6.223338E-7
1.497161E+3	6.749075E-7
1.497180E+3	6.951281E-7
1.497199E+3	7.288292E-7
1.497218E+3	7.625303E-7
1.497238E+3	7.894911E-7
1.497257E+3	7.867950E-7
1.497276E+3	8.528491E-7
1.497295E+3	8.690257E-7
1.497315E+3	9.795652E-7
1.497334E+3	9.903495E-7
1.497353E+3	9.701289E-7
1.497372E+3	9.593445E-7
1.497392E+3	9.364278E-7
1.497411E+3	9.189032E-7
1.497430E+3	8.946385E-7
1.497449E+3	9.121630E-7
1.497469E+3	8.178000E-7
1.497488E+3	7.814029E-7
1.497507E+3	7.234370E-7
1.497526E+3	6.344662E-7
1.497546E+3	5.562797E-7
1.497565E+3	5.360591E-7
1.497584E+3	4.551765E-7
1.497603E+3	3.756420E-7
1.497623E+3	3.567694E-7
1.497642E+3	2.772349E-7
1.497661E+3	2.907153E-7
1.497680E+3	2.489260E-7
1.497700E+3	2.826271E-7
1.497719E+3	2.556662E-7
1.497738E+3	2.583623E-7
1.497757E+3	2.489260E-7
1.497777E+3	2.624064E-7
1.497796E+3	2.826271E-7
1.497815E+3	3.136320E-7
1.497834E+3	3.352007E-7
1.497854E+3	3.486812E-7
1.497873E+3	3.823822E-7
1.497892E+3	4.201274E-7
1.497911E+3	4.524804E-7
1.497931E+3	4.646128E-7
1.497950E+3	5.279708E-7
1.497969E+3	4.794413E-7
1.497988E+3	4.942698E-7
1.498008E+3	4.929217E-7
1.498027E+3	4.551765E-7
1.498046E+3	4.538285E-7
1.498065E+3	4.430441E-7
1.498085E+3	4.066470E-7
1.498104E+3	3.904705E-7
1.498123E+3	3.500292E-7
1.498143E+3	3.473331E-7
1.498162E+3	3.244164E-7
1.498181E+3	3.230683E-7
1.498200E+3	2.961075E-7
1.498220E+3	2.799310E-7
1.498239E+3	2.907153E-7
1.498258E+3	2.772349E-7
1.498277E+3	3.244164E-7
1.498297E+3	3.190242E-7
1.498316E+3	3.352007E-7
1.498335E+3	3.729459E-7
1.498354E+3	3.635096E-7
1.498374E+3	4.376520E-7
1.498393E+3	4.336078E-7
1.498412E+3	4.700050E-7
1.498431E+3	4.700050E-7
1.498451E+3	4.619167E-7
1.498470E+3	4.888776E-7
1.498489E+3	5.144904E-7
1.498508E+3	5.252748E-7
1.498528E+3	5.198826E-7
1.498547E+3	5.454954E-7
1.498566E+3	5.225787E-7
1.498585E+3	5.791965E-7
1.498605E+3	6.102014E-7
1.498624E+3	6.277260E-7
1.498643E+3	6.681673E-7
1.498662E+3	6.964762E-7
1.498682E+3	7.423096E-7
1.498701E+3	8.056676E-7
1.498720E+3	8.636335E-7
1.498739E+3	9.364278E-7
1.498759E+3	9.283395E-7
1.498778E+3	1.057752E-6
1.498797E+3	1.108977E-6
1.498816E+3	1.103585E-6
1.498836E+3	1.210080E-6
1.498855E+3	1.251870E-6
1.498874E+3	1.272090E-6
1.498893E+3	1.288267E-6
1.498913E+3	1.296355E-6
1.498932E+3	1.286919E-6
1.498951E+3	1.249174E-6
1.498970E+3	1.224909E-6
1.498990E+3	1.144026E-6
1.499009E+3	1.053708E-6
1.499028E+3	9.553004E-7
1.499047E+3	8.582413E-7
1.499067E+3	7.881431E-7
1.499086E+3	6.897360E-7
1.499105E+3	5.913288E-7
1.499124E+3	5.576278E-7
1.499144E+3	4.497844E-7
1.499163E+3	4.349559E-7
1.499182E+3	4.214755E-7
1.499201E+3	4.390000E-7
1.499221E+3	4.268676E-7
1.499240E+3	4.956178E-7
1.499259E+3	5.630200E-7
1.499278E+3	6.115495E-7
1.499298E+3	7.544420E-7
1.499317E+3	9.391239E-7
1.499336E+3	1.073928E-6
1.499355E+3	1.222213E-6
1.499375E+3	1.503954E-6
1.499394E+3	1.599665E-6
1.499413E+3	1.822092E-6
1.499433E+3	1.905671E-6
1.499452E+3	2.026994E-6
1.499471E+3	2.141578E-6
1.499490E+3	2.200892E-6
1.499510E+3	2.275034E-6
1.499529E+3	2.165843E-6
1.499548E+3	2.168539E-6
1.499567E+3	2.213024E-6
1.499587E+3	2.043171E-6
1.499606E+3	2.013514E-6
1.499625E+3	1.954200E-6
1.499644E+3	1.865229E-6
1.499664E+3	1.648194E-6
1.499683E+3	1.563268E-6
1.499702E+3	1.406895E-6
1.499721E+3	1.326012E-6
1.499741E+3	1.219517E-6
1.499760E+3	1.119762E-6
1.499779E+3	1.094149E-6
1.499798E+3	1.026747E-6
1.499818E+3	1.032139E-6
1.499837E+3	1.025399E-6
1.499856E+3	1.083364E-6
1.499875E+3	1.127850E-6
1.499895E+3	1.212777E-6
1.499914E+3	1.270742E-6
1.499933E+3	1.398806E-6
1.499952E+3	1.445988E-6
1.499972E+3	1.520130E-6
1.499991E+3	1.642802E-6
1.500010E+3	1.673807E-6
1.500029E+3	1.816700E-6
1.500049E+3	1.834224E-6
1.500068E+3	1.795131E-6
1.500087E+3	1.871969E-6
1.500106E+3	1.789739E-6
1.500126E+3	1.784347E-6
1.500145E+3	1.812656E-6
1.500164E+3	1.691332E-6
1.500183E+3	1.543047E-6
1.500203E+3	1.474297E-6
1.500222E+3	1.352973E-6
1.500241E+3	1.315228E-6
1.500260E+3	1.224909E-6
1.500280E+3	1.250522E-6
1.500299E+3	1.137286E-6
1.500318E+3	1.158855E-6
1.500337E+3	1.179075E-6
1.500357E+3	1.206036E-6
1.500376E+3	1.282875E-6
1.500395E+3	1.419027E-6
1.500414E+3	1.502606E-6
1.500434E+3	1.551135E-6
1.500453E+3	1.656283E-6
1.500472E+3	1.896234E-6
1.500491E+3	2.001382E-6
1.500511E+3	2.222461E-6
1.500530E+3	2.404446E-6
1.500549E+3	2.392314E-6
1.500568E+3	2.521726E-6
1.500588E+3	2.517682E-6
1.500607E+3	2.598564E-6
1.500626E+3	2.667315E-6
1.500645E+3	2.554079E-6
1.500665E+3	2.447584E-6
1.500684E+3	2.319520E-6
1.500703E+3	2.202240E-6
1.500722E+3	2.109225E-6
1.500742E+3	1.935327E-6
1.500761E+3	1.792435E-6
1.500780E+3	1.543047E-6
1.500800E+3	1.361061E-6
1.500819E+3	1.251870E-6
1.500838E+3	1.010570E-6
1.500857E+3	9.121630E-7
1.500877E+3	7.773587E-7
1.500896E+3	7.005203E-7
1.500915E+3	5.765004E-7
1.500934E+3	6.128975E-7
1.500954E+3	6.102014E-7
1.500973E+3	7.274812E-7
1.500992E+3	7.382655E-7
1.501011E+3	8.299324E-7
1.501031E+3	9.269915E-7
1.501050E+3	1.060448E-6
1.501069E+3	1.149419E-6
1.501088E+3	1.320620E-6
1.501108E+3	1.509346E-6
1.501127E+3	1.516086E-6
1.501146E+3	1.661675E-6
1.501165E+3	1.758734E-6
1.501185E+3	1.871969E-6
1.501204E+3	2.004078E-6
1.501223E+3	1.919151E-6
1.501242E+3	2.107877E-6
1.501262E+3	1.971725E-6
1.501281E+3	2.009470E-6
1.501300E+3	1.880058E-6
1.501319E+3	1.851749E-6
1.501339E+3	1.774910E-6
1.501358E+3	1.649542E-6
1.501377E+3	1.464861E-6
1.501396E+3	1.416331E-6
1.501416E+3	1.370498E-6
1.501435E+3	1.185816E-6
1.501454E+3	1.138634E-6
1.501473E+3	1.060448E-6
1.501493E+3	9.741730E-7
1.501512E+3	8.676776E-7
1.501531E+3	8.474570E-7
1.501550E+3	9.256434E-7
1.501570E+3	7.881431E-7
1.501589E+3	7.787068E-7
1.501608E+3	7.180449E-7
1.501627E+3	6.910840E-7
1.501647E+3	6.816477E-7
1.501666E+3	7.274812E-7
1.501685E+3	6.654712E-7
1.501704E+3	6.304221E-7
1.501724E+3	6.263780E-7
1.501743E+3	5.697602E-7
1.501762E+3	5.468434E-7
1.501781E+3	5.239267E-7
1.501801E+3	4.929217E-7
1.501820E+3	4.120392E-7
1.501839E+3	3.796861E-7
1.501858E+3	3.271125E-7
1.501878E+3	3.082399E-7
1.501897E+3	2.785829E-7
1.501916E+3	2.408377E-7
1.501935E+3	1.923082E-7
1.501955E+3	1.815239E-7
1.501974E+3	1.693915E-7
1.501993E+3	1.666954E-7
1.502012E+3	2.044406E-7
1.502032E+3	2.354456E-7
1.502051E+3	2.907153E-7
1.502070E+3	3.419409E-7
1.502090E+3	4.430441E-7
1.502109E+3	5.266228E-7
1.502128E+3	6.263780E-7
1.502147E+3	6.978242E-7
1.502167E+3	7.342214E-7
1.502186E+3	8.528491E-7
1.502205E+3	9.000306E-7
1.502224E+3	9.553004E-7
1.502244E+3	9.377758E-7
1.502263E+3	1.052359E-6
1.502282E+3	1.003830E-6
1.502301E+3	1.005178E-6
1.502321E+3	1.030791E-6
1.502340E+3	8.892463E-7
1.502359E+3	9.121630E-7
1.502378E+3	8.515011E-7
1.502398E+3	8.191481E-7
1.502417E+3	6.964762E-7
1.502436E+3	6.506427E-7
1.502455E+3	5.347111E-7
1.502475E+3	3.891224E-7
1.502494E+3	3.608135E-7
1.502513E+3	2.799310E-7
1.502532E+3	2.435338E-7
1.502552E+3	1.882641E-7
1.502571E+3	1.761317E-7
1.502590E+3	1.613032E-7
1.502609E+3	1.761317E-7
1.502629E+3	1.666954E-7
1.502648E+3	1.828719E-7
1.502667E+3	2.206171E-7
1.502686E+3	2.570142E-7
1.502706E+3	2.731908E-7
1.502725E+3	3.392449E-7
1.502744E+3	3.823822E-7
1.502763E+3	4.214755E-7
1.502783E+3	4.592207E-7
1.502802E+3	5.306669E-7
1.502821E+3	4.996619E-7
1.502840E+3	5.845886E-7
1.502860E+3	5.508876E-7
1.502879E+3	6.061573E-7
1.502898E+3	6.102014E-7
1.502917E+3	6.088534E-7
1.502937E+3	5.711082E-7
1.502956E+3	5.266228E-7
1.502975E+3	5.508876E-7
1.502994E+3	4.767452E-7
1.503014E+3	4.605687E-7
1.503033E+3	4.390000E-7
1.503052E+3	4.147352E-7
1.503071E+3	3.972107E-7
1.503091E+3	3.648577E-7
1.503110E+3	3.662057E-7
1.503129E+3	2.853231E-7
1.503148E+3	3.352007E-7
1.503168E+3	2.853231E-7
1.503187E+3	2.597103E-7
1.503206E+3	2.812790E-7
1.503225E+3	2.731908E-7
1.503245E+3	2.772349E-7
1.503264E+3	2.394897E-7
1.503283E+3	2.570142E-7
1.503302E+3	2.219651E-7
1.503322E+3	2.057886E-7
1.503341E+3	2.381417E-7
1.503360E+3	2.192691E-7
1.503379E+3	1.977004E-7
1.503399E+3	2.003965E-7
1.503418E+3	1.653473E-7
1.503437E+3	1.626513E-7
1.503457E+3	1.653473E-7
1.503476E+3	1.370384E-7
1.503495E+3	1.410826E-7
1.503514E+3	1.397345E-7
1.503534E+3	1.707395E-7
1.503553E+3	1.842199E-7
1.503572E+3	2.394897E-7
1.503591E+3	2.637545E-7
1.503611E+3	3.109360E-7
1.503630E+3	3.837303E-7
1.503649E+3	4.605687E-7
1.503668E+3	5.037061E-7
1.503688E+3	5.818925E-7
1.503707E+3	7.140007E-7
1.503726E+3	7.247851E-7
1.503745E+3	8.474570E-7
1.503765E+3	8.771139E-7
1.503784E+3	9.674328E-7
1.503803E+3	9.782171E-7
1.503822E+3	1.025399E-6
1.503842E+3	1.048315E-6
1.503861E+3	1.036183E-6
1.503880E+3	1.025399E-6
1.503899E+3	1.005178E-6
1.503919E+3	9.593445E-7
1.503938E+3	9.458641E-7
1.503957E+3	8.595894E-7
1.503976E+3	8.070157E-7
1.503996E+3	6.573829E-7
1.504015E+3	6.317701E-7
1.504034E+3	5.306669E-7
1.504053E+3	4.416961E-7
1.504073E+3	4.039509E-7
1.504092E+3	3.136320E-7
1.504111E+3	2.597103E-7
1.504130E+3	1.936562E-7
1.504150E+3	1.559110E-7
1.504169E+3	1.262541E-7
1.504188E+3	9.659716E-8
1.504207E+3	1.060335E-7
1.504227E+3	9.120499E-8
1.504246E+3	9.524912E-8
1.504265E+3	1.235580E-7
1.504284E+3	1.626513E-7
1.504304E+3	1.990484E-7
1.504323E+3	2.448819E-7
1.504342E+3	3.190242E-7
1.504361E+3	3.513772E-7
1.504381E+3	3.891224E-7
1.504400E+3	4.632648E-7
1.504419E+3	4.834854E-7
1.504438E+3	5.414513E-7
1.504458E+3	6.075054E-7
1.504477E+3	5.886328E-7
1.504496E+3	6.102014E-7
1.504515E+3	6.546869E-7
1.504535E+3	6.870399E-7
1.504554E+3	6.614271E-7
1.504573E+3	7.288292E-7
1.504592E+3	7.692705E-7
1.504612E+3	7.827509E-7
1.504631E+3	7.814029E-7
1.504650E+3	8.582413E-7
1.504669E+3	8.744178E-7
1.504689E+3	9.539523E-7
1.504708E+3	9.903495E-7
1.504727E+3	1.126502E-6
1.504747E+3	1.079320E-6
1.504766E+3	1.153463E-6
1.504785E+3	1.262654E-6
1.504804E+3	1.258610E-6
1.504824E+3	1.338145E-6
1.504843E+3	1.371846E-6
1.504862E+3	1.373194E-6
1.504881E+3	1.400154E-6
1.504901E+3	1.401503E-6
1.504920E+3	1.388022E-6
1.504939E+3	1.400154E-6
1.504958E+3	1.359713E-6
1.504978E+3	1.320620E-6
1.504997E+3	1.193904E-6
1.505016E+3	1.177727E-6
1.505035E+3	1.122458E-6
1.505055E+3	1.076624E-6
1.505074E+3	1.002482E-6
1.505093E+3	9.782171E-7
1.505112E+3	9.013787E-7
1.505132E+3	9.418200E-7
1.505151E+3	9.094669E-7
1.505170E+3	9.040748E-7
1.505189E+3	9.795652E-7
1.505209E+3	9.553004E-7
1.505228E+3	1.049663E-6
1.505247E+3	1.148071E-6
1.505266E+3	1.338145E-6
1.505286E+3	1.344885E-6
1.505305E+3	1.534959E-6
1.505324E+3	1.689984E-6
1.505343E+3	1.720989E-6
1.505363E+3	1.920499E-6
1.505382E+3	2.074176E-6
1.505401E+3	2.318172E-6
1.505420E+3	2.275034E-6
1.505440E+3	2.448932E-6
1.505459E+3	2.463760E-6
1.505478E+3	2.552731E-6
1.505497E+3	2.610697E-6
1.505517E+3	2.575648E-6
1.505536E+3	2.541947E-6
1.505555E+3	2.447584E-6
1.505574E+3	2.413883E-6
1.505594E+3	2.244029E-6
1.505613E+3	2.191456E-6
1.505632E+3	2.080916E-6
1.505651E+3	1.962288E-6
1.505671E+3	1.880058E-6
1.505690E+3	1.741209E-6
1.505709E+3	1.613145E-6
1.505728E+3	1.580792E-6
1.505748E+3	1.567312E-6
1.505767E+3	1.528219E-6
1.505786E+3	1.495866E-6
1.505805E+3	1.595621E-6
1.505825E+3	1.529567E-6
1.505844E+3	1.653587E-6
1.505863E+3	1.804567E-6
1.505882E+3	1.938024E-6
1.505902E+3	1.982509E-6
1.505921E+3	2.198196E-6
1.505940E+3	2.361309E-6
1.505959E+3	2.369397E-6
1.505979E+3	2.624177E-6
1.505998E+3	2.745501E-6
1.506017E+3	2.789987E-6
1.506036E+3	2.802119E-6
1.506056E+3	2.970624E-6
1.506075E+3	2.883002E-6
1.506094E+3	2.914006E-6
1.506114E+3	3.058247E-6
1.506133E+3	2.874913E-6
1.506152E+3	2.976016E-6
1.506171E+3	2.922095E-6
1.506191E+3	2.880305E-6
1.506210E+3	2.802119E-6
1.506229E+3	2.794031E-6
1.506248E+3	2.590476E-6
1.506268E+3	2.393662E-6
1.506287E+3	2.417927E-6
1.506306E+3	2.303343E-6
1.506325E+3	2.331652E-6
1.506345E+3	2.426015E-6
1.506364E+3	2.500157E-6
1.506383E+3	2.443540E-6
1.506402E+3	2.502853E-6
1.506422E+3	2.595868E-6
1.506441E+3	2.494765E-6
1.506460E+3	2.691579E-6
1.506479E+3	2.721236E-6
1.506499E+3	2.808859E-6
1.506518E+3	2.843908E-6
1.506537E+3	2.897830E-6
1.506556E+3	2.920747E-6
1.506576E+3	2.884350E-6
1.506595E+3	3.015110E-6
1.506614E+3	2.849300E-6
1.506633E+3	2.764374E-6
1.506653E+3	2.736065E-6
1.506672E+3	2.683491E-6
1.506691E+3	2.411187E-6
1.506710E+3	2.362657E-6
1.506730E+3	2.082264E-6
1.506749E+3	1.920499E-6
1.506768E+3	1.804567E-6
1.506787E+3	1.656283E-6
1.506807E+3	1.560572E-6
1.506826E+3	1.386674E-6
1.506845E+3	1.338145E-6
1.506864E+3	1.164247E-6
1.506884E+3	1.121110E-6
1.506903E+3	1.102237E-6
1.506922E+3	1.011918E-6
1.506941E+3	1.036183E-6
1.506961E+3	1.154811E-6
1.506980E+3	1.264002E-6
1.506999E+3	1.295007E-6
1.507018E+3	1.525522E-6
1.507038E+3	1.579444E-6
1.507057E+3	1.885450E-6
1.507076E+3	1.940720E-6
1.507095E+3	2.156406E-6
1.507115E+3	2.401750E-6
1.507134E+3	2.616089E-6
1.507153E+3	2.683491E-6
1.507172E+3	2.671359E-6
1.507192E+3	2.947708E-6
1.507211E+3	2.868173E-6
1.507230E+3	2.788639E-6
1.507249E+3	2.807511E-6
1.507269E+3	2.807511E-6
1.507288E+3	2.694276E-6
1.507307E+3	2.520378E-6
1.507326E+3	2.597216E-6
1.507346E+3	2.373441E-6
1.507365E+3	2.252118E-6
1.507384E+3	2.169887E-6
1.507404E+3	1.938024E-6
1.507423E+3	1.800523E-6
1.507442E+3	1.613145E-6
1.507461E+3	1.445988E-6
1.507481E+3	1.348929E-6
1.507500E+3	1.413635E-6
1.507519E+3	1.301747E-6
1.507538E+3	1.308488E-6
1.507558E+3	1.362409E-6
1.507577E+3	1.425767E-6
1.507596E+3	1.428463E-6
1.507615E+3	1.520130E-6
1.507635E+3	1.699420E-6
1.507654E+3	1.623930E-6
1.507673E+3	1.780303E-6
1.507692E+3	1.764126E-6
1.507712E+3	1.845009E-6
1.507731E+3	1.979813E-6
1.507750E+3	2.064740E-6
1.507769E+3	2.264250E-6
1.507789E+3	2.169887E-6
1.507808E+3	2.349177E-6
1.507827E+3	2.129446E-6
1.507846E+3	2.219764E-6
1.507866E+3	2.157755E-6
1.507885E+3	2.115965E-6
1.507904E+3	2.006774E-6
1.507923E+3	2.031038E-6
1.507943E+3	2.016210E-6
1.507962E+3	1.808611E-6
1.507981E+3	1.851749E-6
1.508000E+3	1.799175E-6
1.508020E+3	1.677851E-6
1.508039E+3	1.621234E-6
1.508058E+3	1.570008E-6
1.508077E+3	1.618537E-6
1.508097E+3	1.476993E-6
1.508116E+3	1.596969E-6
1.508135E+3	1.579444E-6
1.508154E+3	1.576748E-6
1.508174E+3	1.737165E-6
1.508193E+3	1.641454E-6
1.508212E+3	1.729077E-6
1.508231E+3	1.788391E-6
1.508251E+3	1.820744E-6
1.508270E+3	1.785695E-6
1.508289E+3	1.866577E-6
1.508308E+3	1.849053E-6
1.508328E+3	1.855793E-6
1.508347E+3	1.933979E-6
1.508366E+3	1.836920E-6
1.508385E+3	1.971725E-6
1.508405E+3	1.862533E-6
1.508424E+3	1.861185E-6
1.508443E+3	1.731773E-6
1.508462E+3	1.619885E-6
1.508482E+3	1.749298E-6
1.508501E+3	1.619885E-6
1.508520E+3	1.588880E-6
1.508539E+3	1.526871E-6
1.508559E+3	1.580792E-6
1.508578E+3	1.460816E-6
1.508597E+3	1.591577E-6
1.508616E+3	1.623930E-6
1.508636E+3	1.565964E-6
1.508655E+3	1.559224E-6
1.508674E+3	1.695376E-6
1.508693E+3	1.640106E-6
1.508713E+3	1.776258E-6
1.508732E+3	1.881406E-6
1.508751E+3	1.863881E-6
1.508771E+3	1.858489E-6
1.508790E+3	2.029690E-6
1.508809E+3	1.890842E-6
1.508828E+3	1.952852E-6
1.508848E+3	1.928587E-6
1.508867E+3	1.986553E-6
1.508886E+3	1.826136E-6
1.508905E+3	1.838268E-6
1.508925E+3	1.785695E-6
1.508944E+3	1.654935E-6
1.508963E+3	1.626626E-6
1.508982E+3	1.528219E-6
1.509002E+3	1.398806E-6
1.509021E+3	1.363757E-6
1.509040E+3	1.281527E-6
1.509059E+3	1.214125E-6
1.509079E+3	1.235693E-6
1.509098E+3	1.222213E-6
1.509117E+3	1.181772E-6
1.509136E+3	1.254566E-6
1.509156E+3	1.304443E-6
1.509175E+3	1.328708E-6
1.509194E+3	1.282875E-6
1.509213E+3	1.476993E-6
1.509233E+3	1.501258E-6
1.509252E+3	1.478341E-6
1.509271E+3	1.561920E-6
1.509290E+3	1.661675E-6
1.509310E+3	1.644150E-6
1.509329E+3	1.726381E-6
1.509348E+3	1.850401E-6
1.509367E+3	1.795131E-6
1.509387E+3	1.801871E-6
1.509406E+3	1.698072E-6
1.509425E+3	1.710204E-6
1.509444E+3	1.555179E-6
1.509464E+3	1.534959E-6
1.509483E+3	1.436552E-6
1.509502E+3	1.286919E-6
1.509521E+3	1.251870E-6
1.509541E+3	1.196600E-6
1.509560E+3	1.038879E-6
1.509579E+3	9.418200E-7
1.509598E+3	8.447609E-7
1.509618E+3	7.867950E-7
1.509637E+3	7.247851E-7
1.509656E+3	7.207410E-7
1.509675E+3	7.140007E-7
1.509695E+3	7.369175E-7
1.509714E+3	7.436577E-7
1.509733E+3	7.867950E-7
1.509752E+3	9.215993E-7
1.509772E+3	1.033487E-6
1.509791E+3	1.129198E-6
1.509810E+3	1.296355E-6
1.509829E+3	1.371846E-6
1.509849E+3	1.421723E-6
1.509868E+3	1.541699E-6
1.509887E+3	1.675155E-6
1.509906E+3	1.714248E-6
1.509926E+3	1.758734E-6
1.509945E+3	1.733121E-6
1.509964E+3	1.824788E-6
1.509983E+3	1.792435E-6
1.510003E+3	1.718293E-6
1.510022E+3	1.699420E-6
1.510041E+3	1.551135E-6
1.510061E+3	1.485081E-6
1.510080E+3	1.336796E-6
1.510099E+3	1.285571E-6
1.510118E+3	1.117066E-6
1.510138E+3	9.553004E-7
1.510157E+3	8.744178E-7
1.510176E+3	7.530940E-7
1.510195E+3	6.829958E-7
1.510215E+3	6.425545E-7
1.510234E+3	6.196377E-7
1.510253E+3	5.805445E-7
1.510272E+3	6.371623E-7
1.510292E+3	7.086086E-7
1.510311E+3	7.503979E-7
1.510330E+3	8.137559E-7
1.510349E+3	9.108150E-7
1.510369E+3	1.020006E-6
1.510388E+3	1.061796E-6
1.510407E+3	1.189860E-6
1.510426E+3	1.342189E-6
1.510446E+3	1.423071E-6
1.510465E+3	1.516086E-6
1.510484E+3	1.552483E-6
1.510503E+3	1.632018E-6
1.510523E+3	1.636062E-6
1.510542E+3	1.677851E-6
1.510561E+3	1.617189E-6
1.510580E+3	1.588880E-6
1.510600E+3	1.472949E-6
1.510619E+3	1.467557E-6
1.510638E+3	1.321968E-6
1.510657E+3	1.262654E-6
1.510677E+3	1.157507E-6
1.510696E+3	1.067188E-6
1.510715E+3	9.863054E-7
1.510734E+3	8.932904E-7
1.510754E+3	8.029716E-7
1.510773E+3	7.719666E-7
1.510792E+3	7.746627E-7
1.510811E+3	7.113047E-7
1.510831E+3	6.964762E-7
1.510850E+3	7.557901E-7
1.510869E+3	8.191481E-7
1.510888E+3	8.730698E-7
1.510908E+3	9.741730E-7
1.510927E+3	1.087409E-6
1.510946E+3	1.196600E-6
1.510965E+3	1.361061E-6
1.510985E+3	1.486429E-6
1.511004E+3	1.596969E-6
1.511023E+3	1.630670E-6
1.511042E+3	1.803219E-6
1.511062E+3	1.758734E-6
1.511081E+3	1.750646E-6
1.511100E+3	1.765474E-6
1.511119E+3	1.822092E-6
1.511139E+3	1.716945E-6
1.511158E+3	1.707508E-6
1.511177E+3	1.630670E-6
1.511196E+3	1.560572E-6
1.511216E+3	1.382630E-6
1.511235E+3	1.335448E-6
1.511254E+3	1.165595E-6
1.511273E+3	1.084712E-6
1.511293E+3	9.094669E-7
1.511312E+3	8.029716E-7
1.511331E+3	7.180449E-7
1.511350E+3	6.290740E-7
1.511370E+3	5.684121E-7
1.511389E+3	5.805445E-7
1.511408E+3	5.427993E-7
1.511428E+3	5.387552E-7
1.511447E+3	5.818925E-7
1.511466E+3	6.331182E-7
1.511485E+3	6.573829E-7
1.511505E+3	7.086086E-7
1.511524E+3	7.706185E-7
1.511543E+3	9.108150E-7
1.511562E+3	8.878983E-7
1.511582E+3	9.701289E-7
1.511601E+3	1.053708E-6
1.511620E+3	1.121110E-6
1.511639E+3	1.122458E-6
1.511659E+3	1.177727E-6
1.511678E+3	1.180424E-6
1.511697E+3	1.114369E-6
1.511716E+3	1.137286E-6
1.511736E+3	1.011918E-6
1.511755E+3	9.714769E-7
1.511774E+3	8.555452E-7
1.511793E+3	8.407168E-7
1.511813E+3	7.530940E-7
1.511832E+3	7.220890E-7
1.511851E+3	6.614271E-7
1.511870E+3	6.102014E-7
1.511890E+3	5.711082E-7
1.511909E+3	5.481915E-7
1.511928E+3	5.293189E-7
1.511947E+3	5.468434E-7
1.511967E+3	6.102014E-7
1.511986E+3	5.953730E-7
1.512005E+3	6.398584E-7
1.512024E+3	7.288292E-7
1.512044E+3	8.245402E-7
1.512063E+3	9.013787E-7
1.512082E+3	1.080668E-6
1.512101E+3	1.103585E-6
1.512121E+3	1.261306E-6
1.512140E+3	1.304443E-6
1.512159E+3	1.413635E-6
1.512178E+3	1.393414E-6
1.512198E+3	1.445988E-6
1.512217E+3	1.505302E-6
1.512236E+3	1.405547E-6
1.512255E+3	1.467557E-6
1.512275E+3	1.416331E-6
1.512294E+3	1.336796E-6
1.512313E+3	1.264002E-6
1.512332E+3	1.158855E-6
1.512352E+3	1.069884E-6
1.512371E+3	9.364278E-7
1.512390E+3	8.582413E-7
1.512409E+3	7.503979E-7
1.512429E+3	6.439025E-7
1.512448E+3	5.859367E-7
1.512467E+3	4.659609E-7
1.512486E+3	4.147352E-7
1.512506E+3	3.540733E-7
1.512525E+3	3.675538E-7
1.512544E+3	3.405929E-7
1.512563E+3	3.985587E-7
1.512583E+3	3.972107E-7
1.512602E+3	4.282157E-7
1.512621E+3	5.171865E-7
1.512640E+3	5.738043E-7
1.512660E+3	6.883879E-7
1.512679E+3	7.153488E-7
1.512698E+3	8.393687E-7
1.512718E+3	8.690257E-7
1.512737E+3	9.512563E-7
1.512756E+3	1.073928E-6
1.512775E+3	1.063144E-6
1.512795E+3	1.166943E-6
1.512814E+3	1.142678E-6
1.512833E+3	1.282875E-6
1.512852E+3	1.157507E-6
1.512872E+3	1.214125E-6
1.512891E+3	1.161551E-6
1.512910E+3	1.150767E-6
1.512929E+3	1.061796E-6
1.512949E+3	1.007874E-6
1.512968E+3	9.242954E-7
1.512987E+3	8.703737E-7
1.513006E+3	8.178000E-7
1.513026E+3	7.773587E-7
1.513045E+3	6.964762E-7
1.513064E+3	6.802997E-7
1.513083E+3	6.182897E-7
1.513103E+3	5.967210E-7
1.513122E+3	5.913288E-7
1.513141E+3	5.872847E-7
1.513160E+3	5.630200E-7
1.513180E+3	5.535837E-7
1.513199E+3	5.805445E-7
1.513218E+3	5.859367E-7
1.513237E+3	6.776036E-7
1.513257E+3	6.735595E-7
1.513276E+3	7.234370E-7
1.513295E+3	7.477018E-7
1.513314E+3	7.719666E-7
1.513334E+3	7.436577E-7
1.513353E+3	7.477018E-7
1.513372E+3	8.339765E-7
1.513391E+3	8.164520E-7
1.513411E+3	8.568933E-7
1.513430E+3	8.663296E-7
1.513449E+3	8.771139E-7
1.513468E+3	8.285844E-7
1.513488E+3	8.353246E-7
1.513507E+3	8.865502E-7
1.513526E+3	8.595894E-7
1.513545E+3	8.852022E-7
1.513565E+3	8.744178E-7
1.513584E+3	9.067708E-7
1.513603E+3	8.973346E-7
1.513622E+3	9.175552E-7
1.513642E+3	9.526043E-7
1.513661E+3	9.391239E-7
1.513680E+3	1.020006E-6
1.513699E+3	9.755210E-7
1.513719E+3	1.009222E-6
1.513738E+3	1.021354E-6
1.513757E+3	1.028095E-6
1.513776E+3	9.674328E-7
1.513796E+3	9.795652E-7
1.513815E+3	1.002482E-6
1.513834E+3	9.323837E-7
1.513853E+3	9.175552E-7
1.513873E+3	9.391239E-7
1.513892E+3	8.447609E-7
1.513911E+3	7.733146E-7
1.513930E+3	6.951281E-7
1.513950E+3	6.802997E-7
1.513969E+3	5.886328E-7
1.513988E+3	5.859367E-7
1.514007E+3	5.306669E-7
1.514027E+3	5.185345E-7
1.514046E+3	5.077502E-7
1.514065E+3	4.511324E-7
1.514085E+3	4.430441E-7
1.514104E+3	4.956178E-7
1.514123E+3	5.225787E-7
1.514142E+3	5.711082E-7
1.514162E+3	6.223338E-7
1.514181E+3	6.964762E-7
1.514200E+3	7.436577E-7
1.514219E+3	8.272363E-7
1.514239E+3	9.242954E-7
1.514258E+3	1.010570E-6
1.514277E+3	1.134590E-6
1.514296E+3	1.210080E-6
1.514316E+3	1.261306E-6
1.514335E+3	1.305792E-6
1.514354E+3	1.392066E-6
1.514373E+3	1.400154E-6
1.514393E+3	1.439248E-6
1.514412E+3	1.386674E-6
1.514431E+3	1.450032E-6
1.514450E+3	1.316576E-6
1.514470E+3	1.321968E-6
1.514489E+3	1.295007E-6
1.514508E+3	1.144026E-6
1.514527E+3	1.114369E-6
1.514547E+3	9.539523E-7
1.514566E+3	9.283395E-7
1.514585E+3	8.097118E-7
1.514604E+3	7.638783E-7
1.514624E+3	7.072605E-7
1.514643E+3	6.722114E-7
1.514662E+3	6.519908E-7
1.514681E+3	6.182897E-7
1.514701E+3	6.169417E-7
1.514720E+3	6.439025E-7
1.514739E+3	7.301773E-7
1.514758E+3	7.827509E-7
1.514778E+3	8.083637E-7
1.514797E+3	9.714769E-7
1.514816E+3	9.916975E-7
1.514835E+3	1.154811E-6
1.514855E+3	1.215473E-6
1.514874E+3	1.243782E-6
1.514893E+3	1.319272E-6
1.514912E+3	1.455424E-6
1.514932E+3	1.443292E-6
1.514951E+3	1.529567E-6
1.514970E+3	1.578096E-6
1.514989E+3	1.578096E-6
1.515009E+3	1.536307E-6
1.515028E+3	1.525522E-6
1.515047E+3	1.497214E-6
1.515066E+3	1.424419E-6
1.515086E+3	1.316576E-6
1.515105E+3	1.346233E-6
1.515124E+3	1.100889E-6
1.515143E+3	1.051011E-6
1.515163E+3	9.148591E-7
1.515182E+3	8.986826E-7
1.515201E+3	8.191481E-7
1.515220E+3	8.029716E-7
1.515240E+3	7.355694E-7
1.515259E+3	7.180449E-7
1.515278E+3	7.423096E-7
1.515297E+3	7.692705E-7
1.515317E+3	8.420648E-7
1.515336E+3	9.135111E-7
1.515355E+3	9.809132E-7
1.515375E+3	1.041575E-6
1.515394E+3	1.144026E-6
1.515413E+3	1.301747E-6
1.515432E+3	1.286919E-6
1.515452E+3	1.520130E-6
1.515471E+3	1.592925E-6
1.515490E+3	1.658979E-6
1.515509E+3	1.648194E-6
1.515529E+3	1.780303E-6
1.515548E+3	1.826136E-6
1.515567E+3	1.796479E-6
1.515586E+3	1.811308E-6
1.515606E+3	1.745253E-6
1.515625E+3	1.687288E-6
1.515644E+3	1.653587E-6
1.515663E+3	1.524174E-6
1.515683E+3	1.489125E-6
1.515702E+3	1.255914E-6
1.515721E+3	1.276135E-6
1.515740E+3	1.082016E-6
1.515760E+3	9.876534E-7
1.515779E+3	8.959865E-7
1.515798E+3	8.366726E-7
1.515817E+3	7.881431E-7
1.515837E+3	6.573829E-7
1.515856E+3	6.883879E-7
1.515875E+3	6.735595E-7
1.515894E+3	6.762555E-7
1.515914E+3	7.409616E-7
1.515933E+3	8.326285E-7
1.515952E+3	9.189032E-7
1.515971E+3	1.061796E-6
1.515991E+3	1.168291E-6
1.516010E+3	1.270742E-6
1.516029E+3	1.379934E-6
1.516048E+3	1.441944E-6
1.516068E+3	1.588880E-6
1.516087E+3	1.652238E-6
1.516106E+3	1.770866E-6
1.516125E+3	1.801871E-6
1.516145E+3	1.892190E-6
1.516164E+3	1.936676E-6
1.516183E+3	1.925891E-6
1.516202E+3	1.932631E-6
1.516222E+3	1.900278E-6
1.516241E+3	1.762778E-6
1.516260E+3	1.819396E-6
1.516279E+3	1.695376E-6
1.516299E+3	1.656283E-6
1.516318E+3	1.417679E-6
1.516337E+3	1.390718E-6
1.516356E+3	1.214125E-6
1.516376E+3	1.073928E-6
1.516395E+3	1.038879E-6
1.516414E+3	9.499082E-7
1.516433E+3	9.081189E-7
1.516453E+3	7.638783E-7
1.516472E+3	7.166968E-7
1.516491E+3	6.439025E-7
1.516510E+3	5.535837E-7
1.516530E+3	5.508876E-7
1.516549E+3	5.198826E-7
1.516568E+3	5.441474E-7
1.516587E+3	5.576278E-7
1.516607E+3	5.886328E-7
1.516626E+3	5.778484E-7
1.516645E+3	6.048093E-7
1.516664E+3	6.533388E-7
1.516684E+3	6.425545E-7
1.516703E+3	6.937801E-7
1.516722E+3	6.978242E-7
1.516742E+3	6.978242E-7
1.516761E+3	6.776036E-7
1.516780E+3	7.140007E-7
1.516799E+3	7.544420E-7
1.516819E+3	6.492947E-7
1.516838E+3	7.207410E-7
1.516857E+3	7.072605E-7
1.516876E+3	7.140007E-7
1.516896E+3	6.816477E-7
1.516915E+3	7.342214E-7
1.516934E+3	7.530940E-7
1.516953E+3	6.654712E-7
1.516973E+3	7.733146E-7
1.516992E+3	8.056676E-7
1.517011E+3	8.016235E-7
1.517030E+3	8.285844E-7
1.517050E+3	9.984378E-7
1.517069E+3	9.822612E-7
1.517088E+3	1.056404E-6
1.517107E+3	1.166943E-6
1.517127E+3	1.231649E-6
1.517146E+3	1.319272E-6
1.517165E+3	1.299051E-6
1.517184E+3	1.505302E-6
1.517204E+3	1.516086E-6
1.517223E+3	1.579444E-6
1.517242E+3	1.698072E-6
1.517261E+3	1.672459E-6
1.517281E+3	1.738513E-6
1.517300E+3	1.774910E-6
1.517319E+3	1.772214E-6
1.517338E+3	1.733121E-6
1.517358E+3	1.658979E-6
1.517377E+3	1.667067E-6
1.517396E+3	1.481037E-6
1.517415E+3	1.547091E-6
1.517435E+3	1.417679E-6
1.517454E+3	1.382630E-6
1.517473E+3	1.232997E-6
1.517492E+3	1.180424E-6
1.517512E+3	1.084712E-6
1.517531E+3	1.060448E-6
1.517550E+3	1.015962E-6
1.517569E+3	8.865502E-7
1.517589E+3	8.825061E-7
1.517608E+3	8.393687E-7
1.517627E+3	7.652264E-7
1.517646E+3	7.638783E-7
1.517666E+3	7.503979E-7
1.517685E+3	7.773587E-7
1.517704E+3	6.937801E-7
1.517723E+3	7.867950E-7
1.517743E+3	7.679224E-7
1.517762E+3	7.288292E-7
1.517781E+3	8.083637E-7
1.517800E+3	7.894911E-7
1.517820E+3	8.231922E-7
1.517839E+3	8.191481E-7
1.517858E+3	8.892463E-7
1.517877E+3	7.894911E-7
1.517897E+3	8.380207E-7
1.517916E+3	9.135111E-7
1.517935E+3	8.582413E-7
1.517954E+3	8.757659E-7
1.517974E+3	8.905943E-7
1.517993E+3	8.622854E-7
1.518012E+3	7.921872E-7
1.518032E+3	8.043196E-7
1.518051E+3	8.474570E-7
1.518070E+3	8.191481E-7
1.518089E+3	8.016235E-7
1.518109E+3	8.083637E-7
1.518128E+3	7.908392E-7
1.518147E+3	7.840990E-7
1.518166E+3	8.393687E-7
1.518186E+3	8.973346E-7
1.518205E+3	8.474570E-7
1.518224E+3	9.822612E-7
1.518243E+3	8.852022E-7
1.518263E+3	9.337317E-7
1.518282E+3	9.957417E-7
1.518301E+3	1.034835E-6
1.518320E+3	9.930456E-7
1.518340E+3	1.024051E-6
1.518359E+3	1.098193E-6
1.518378E+3	1.088757E-6
1.518397E+3	1.087409E-6
1.518417E+3	1.189860E-6
1.518436E+3	1.142678E-6
1.518455E+3	1.173683E-6
1.518474E+3	1.114369E-6
1.518494E+3	1.196600E-6
1.518513E+3	1.100889E-6
1.518532E+3	1.172335E-6
1.518551E+3	1.181772E-6
1.518571E+3	1.142678E-6
1.518590E+3	1.119762E-6
1.518609E+3	1.103585E-6
1.518628E+3	1.102237E-6
1.518648E+3	1.135938E-6
1.518667E+3	1.187164E-6
1.518686E+3	1.079320E-6
1.518705E+3	1.129198E-6
1.518725E+3	1.108977E-6
1.518744E+3	1.125154E-6
1.518763E+3	1.146722E-6
1.518782E+3	1.191208E-6
1.518802E+3	1.288267E-6
1.518821E+3	1.175031E-6
1.518840E+3	1.139982E-6
1.518859E+3	1.262654E-6
1.518879E+3	1.231649E-6
1.518898E+3	1.250522E-6
1.518917E+3	1.245130E-6
1.518936E+3	1.257262E-6
1.518956E+3	1.207384E-6
1.518975E+3	1.246478E-6
1.518994E+3	1.227605E-6
1.519013E+3	1.265350E-6
1.519033E+3	1.301747E-6
1.519052E+3	1.188512E-6
1.519071E+3	1.179075E-6
1.519090E+3	1.149419E-6
1.519110E+3	1.170987E-6
1.519129E+3	1.130546E-6
1.519148E+3	1.150767E-6
1.519167E+3	1.180424E-6
1.519187E+3	1.080668E-6
1.519206E+3	1.154811E-6
1.519225E+3	1.153463E-6
1.519244E+3	1.168291E-6
1.519264E+3	1.164247E-6
1.519283E+3	1.259958E-6
1.519302E+3	1.239737E-6
1.519321E+3	1.114369E-6
1.519341E+3	1.242433E-6
1.519360E+3	1.250522E-6
1.519379E+3	1.257262E-6
1.519399E+3	1.300399E-6
1.519418E+3	1.299051E-6
1.519437E+3	1.276135E-6
1.519456E+3	1.265350E-6
1.519476E+3	1.316576E-6
1.519495E+3	1.254566E-6
1.519514E+3	1.323316E-6
1.519533E+3	1.375890E-6
1.519553E+3	1.307140E-6
1.519572E+3	1.315228E-6
1.519591E+3	1.320620E-6
1.519610E+3	1.393414E-6
1.519630E+3	1.335448E-6
1.519649E+3	1.305792E-6
1.519668E+3	1.448684E-6
1.519687E+3	1.406895E-6
1.519707E+3	1.525522E-6
1.519726E+3	1.568660E-6
1.519745E+3	1.727729E-6
1.519764E+3	1.764126E-6
1.519784E+3	1.876014E-6
1.519803E+3	1.963636E-6
1.519822E+3	1.985205E-6
1.519841E+3	2.270990E-6
1.519861E+3	2.210328E-6
1.519880E+3	2.288515E-6
1.519899E+3	2.400402E-6
1.519918E+3	2.395010E-6
1.519938E+3	2.374789E-6
1.519957E+3	2.412535E-6
1.519976E+3	2.630918E-6
1.519995E+3	2.589128E-6
1.520015E+3	2.581040E-6
1.520034E+3	2.585084E-6
1.520053E+3	2.636310E-6
1.520072E+3	2.593172E-6
1.520092E+3	2.514986E-6
1.520111E+3	2.585084E-6
1.520130E+3	2.361309E-6
1.520149E+3	2.334348E-6
1.520169E+3	2.270990E-6
1.520188E+3	2.217068E-6
1.520207E+3	2.221113E-6
1.520226E+3	2.153710E-6
1.520246E+3	2.036431E-6
1.520265E+3	2.014862E-6
1.520284E+3	2.012166E-6
1.520303E+3	1.881406E-6
1.520323E+3	1.921847E-6
1.520342E+3	1.913759E-6
1.520361E+3	1.869273E-6
1.520380E+3	1.947460E-6
1.520400E+3	1.824788E-6
1.520419E+3	1.971725E-6
1.520438E+3	1.958244E-6
1.520457E+3	1.936676E-6
1.520477E+3	2.028342E-6
1.520496E+3	1.993293E-6
1.520515E+3	2.040475E-6
1.520534E+3	1.973073E-6
1.520554E+3	2.070132E-6
1.520573E+3	2.043171E-6
1.520592E+3	2.068784E-6
1.520611E+3	2.002730E-6
1.520631E+3	1.935327E-6
1.520650E+3	1.935327E-6
1.520669E+3	1.836920E-6
1.520689E+3	1.902974E-6
1.520708E+3	1.750646E-6
1.520727E+3	1.785695E-6
1.520746E+3	1.656283E-6
1.520766E+3	1.630670E-6
1.520785E+3	1.665719E-6
1.520804E+3	1.536307E-6
1.520823E+3	1.609101E-6
1.520843E+3	1.510694E-6
1.520862E+3	1.627974E-6
1.520881E+3	1.570008E-6
1.520900E+3	1.656283E-6
1.520920E+3	1.683243E-6
1.520939E+3	1.769518E-6
1.520958E+3	1.867925E-6
1.520977E+3	1.960940E-6
1.520997E+3	2.063392E-6
1.521016E+3	2.213024E-6
1.521035E+3	2.304691E-6
1.521054E+3	2.447584E-6
1.521074E+3	2.508246E-6
1.521093E+3	2.703712E-6
1.521112E+3	2.688883E-6
1.521131E+3	2.715844E-6
1.521151E+3	2.911310E-6
1.521170E+3	2.872217E-6
1.521189E+3	2.874913E-6
1.521208E+3	2.781898E-6
1.521228E+3	2.934227E-6
1.521247E+3	2.826384E-6
1.521266E+3	2.754937E-6
1.521285E+3	2.671359E-6
1.521305E+3	2.543295E-6
1.521324E+3	2.444888E-6
1.521343E+3	2.258858E-6
1.521362E+3	2.157755E-6
1.521382E+3	1.889494E-6
1.521401E+3	1.747950E-6
1.521420E+3	1.621234E-6
1.521439E+3	1.425767E-6
1.521459E+3	1.207384E-6
1.521478E+3	1.148071E-6
1.521497E+3	9.499082E-7
1.521516E+3	8.366726E-7
1.521536E+3	7.288292E-7
1.521555E+3	6.344662E-7
1.521574E+3	5.185345E-7
1.521593E+3	4.753972E-7
1.521613E+3	4.659609E-7
1.521632E+3	3.904705E-7
1.521651E+3	3.581175E-7
1.521670E+3	3.715979E-7
1.521690E+3	3.473331E-7
1.521709E+3	4.012548E-7
1.521728E+3	4.376520E-7
1.521747E+3	5.454954E-7
1.521767E+3	5.751523E-7
1.521786E+3	6.209858E-7
1.521805E+3	7.059125E-7
1.521824E+3	7.652264E-7
1.521844E+3	8.393687E-7
1.521863E+3	8.784620E-7
1.521882E+3	9.539523E-7
1.521901E+3	1.028095E-6
1.521921E+3	1.024051E-6
1.521940E+3	1.122458E-6
1.521959E+3	1.146722E-6
1.521979E+3	1.149419E-6
1.521998E+3	1.230301E-6
1.522017E+3	1.237041E-6
1.522036E+3	1.425767E-6
1.522056E+3	1.245130E-6
1.522075E+3	1.517434E-6
1.522094E+3	1.409591E-6
1.522113E+3	1.419027E-6
1.522133E+3	1.423071E-6
1.522152E+3	1.510694E-6
1.522171E+3	1.463513E-6
1.522190E+3	1.454076E-6
1.522210E+3	1.586184E-6
1.522229E+3	1.548439E-6
1.522248E+3	1.505302E-6
1.522267E+3	1.516086E-6
1.522287E+3	1.512042E-6
1.522306E+3	1.502606E-6
1.522325E+3	1.389370E-6
1.522344E+3	1.412287E-6
1.522364E+3	1.355669E-6
1.522383E+3	1.305792E-6
1.522402E+3	1.230301E-6
1.522421E+3	1.224909E-6
1.522441E+3	1.117066E-6
1.522460E+3	1.095497E-6
1.522479E+3	1.014614E-6
1.522498E+3	9.364278E-7
1.522518E+3	8.744178E-7
1.522537E+3	8.420648E-7
1.522556E+3	7.638783E-7
1.522575E+3	7.544420E-7
1.522595E+3	6.897360E-7
1.522614E+3	6.290740E-7
1.522633E+3	5.913288E-7
1.522652E+3	5.913288E-7
1.522672E+3	5.818925E-7
1.522691E+3	5.171865E-7
1.522710E+3	5.454954E-7
1.522729E+3	5.427993E-7
1.522749E+3	5.117943E-7
1.522768E+3	5.508876E-7
1.522787E+3	5.738043E-7
1.522806E+3	6.290740E-7
1.522826E+3	6.344662E-7
1.522845E+3	6.614271E-7
1.522864E+3	7.342214E-7
1.522883E+3	7.140007E-7
1.522903E+3	8.366726E-7
1.522922E+3	8.420648E-7
1.522941E+3	9.054228E-7
1.522960E+3	8.622854E-7
1.522980E+3	9.553004E-7
1.522999E+3	9.229474E-7
1.523018E+3	9.876534E-7
1.523037E+3	1.063144E-6
1.523057E+3	1.036183E-6
1.523076E+3	1.040227E-6
1.523095E+3	1.046967E-6
1.523114E+3	1.071232E-6
1.523134E+3	1.090105E-6
1.523153E+3	1.102237E-6
1.523172E+3	1.111673E-6
1.523191E+3	1.068536E-6
1.523211E+3	1.095497E-6
1.523230E+3	1.108977E-6
1.523249E+3	1.052359E-6
1.523268E+3	1.110325E-6
1.523288E+3	1.117066E-6
1.523307E+3	1.067188E-6
1.523326E+3	1.041575E-6
1.523346E+3	1.038879E-6
1.523365E+3	1.115717E-6
1.523384E+3	1.006526E-6
1.523403E+3	1.111673E-6
1.523423E+3	1.040227E-6
1.523442E+3	1.041575E-6
1.523461E+3	1.009222E-6
1.523480E+3	1.028095E-6
1.523500E+3	1.091453E-6
1.523519E+3	9.970897E-7
1.523538E+3	1.118414E-6
1.523557E+3	1.006526E-6
1.523577E+3	9.957417E-7
1.523596E+3	1.046967E-6
1.523615E+3	1.063144E-6
1.523634E+3	1.091453E-6
1.523654E+3	1.041575E-6
1.523673E+3	1.133242E-6
1.523692E+3	9.822612E-7
1.523711E+3	1.045619E-6
1.523731E+3	1.065840E-6
1.523750E+3	1.037531E-6
1.523769E+3	1.061796E-6
1.523788E+3	9.593445E-7
1.523808E+3	1.069884E-6
1.523827E+3	1.009222E-6
1.523846E+3	1.059100E-6
1.523865E+3	1.059100E-6
1.523885E+3	9.782171E-7
1.523904E+3	1.059100E-6
1.523923E+3	9.526043E-7
1.523942E+3	9.539523E-7
1.523962E+3	9.189032E-7
1.523981E+3	1.009222E-6
1.524000E+3	9.876534E-7
1.524019E+3	9.296876E-7
1.524039E+3	1.003830E-6
1.524058E+3	9.215993E-7
1.524077E+3	9.431680E-7
1.524096E+3	9.027267E-7
1.524116E+3	9.863054E-7
1.524135E+3	9.714769E-7
1.524154E+3	9.229474E-7
1.524173E+3	1.009222E-6
1.524193E+3	9.202513E-7
1.524212E+3	1.076624E-6
1.524231E+3	1.036183E-6
1.524250E+3	1.088757E-6
1.524270E+3	1.088757E-6
1.524289E+3	1.142678E-6
1.524308E+3	1.203340E-6
1.524327E+3	1.135938E-6
1.524347E+3	1.273438E-6
1.524366E+3	1.324664E-6
1.524385E+3	1.300399E-6
1.524404E+3	1.317924E-6
1.524424E+3	1.467557E-6
1.524443E+3	1.459468E-6
1.524462E+3	1.402851E-6
1.524481E+3	1.514738E-6
1.524501E+3	1.502606E-6
1.524520E+3	1.441944E-6
1.524539E+3	1.525522E-6
1.524558E+3	1.536307E-6
1.524578E+3	1.494517E-6
1.524597E+3	1.537655E-6
1.524616E+3	1.539003E-6
1.524636E+3	1.555179E-6
1.524655E+3	1.524174E-6
1.524674E+3	1.684592E-6
1.524693E+3	1.660327E-6
1.524713E+3	1.660327E-6
1.524732E+3	1.772214E-6
1.524751E+3	1.780303E-6
1.524770E+3	1.805915E-6
1.524790E+3	1.801871E-6
1.524809E+3	2.037779E-6
1.524828E+3	1.948808E-6
1.524847E+3	2.120009E-6
1.524867E+3	2.171235E-6
1.524886E+3	2.183367E-6
1.524905E+3	2.289863E-6
1.524924E+3	2.288515E-6
1.524944E+3	2.466456E-6
1.524963E+3	2.479937E-6
